Image	Mean	Covariance	Weight
Col-0_CPB_#1_11dpi.JPG, 51.653772, 2.873465, 1.000000
Col-0_CPB_#1_13dpi.JPG, 50.871728, 3.357997, 1.000000
Col-0_CPB_#1_15dpi.JPG, 50.563525, 5.253429, 1.000000
Col-0_CPB_#1_17dpi.JPG, 49.174974, 6.894604, 1.000000
Col-0_CPB_#1_1dbi.JPG, 51.589042, 4.131339, 1.000000
Col-0_CPB_#1_1dpi.JPG, 52.185525, 4.158548, 1.000000
Col-0_CPB_#1_3dpi.JPG, 50.518468, 4.316267, 1.000000
Col-0_CPB_#1_5dpi.JPG, 50.555889, 3.971013, 1.000000
Col-0_CPB_#1_7dpi.JPG, 51.257648, 3.299140, 1.000000
Col-0_CPB_#1_9dpi.JPG, 51.062113, 2.724364, 1.000000
Col-0_CPB_#2_11dpi.JPG, 50.630462, 4.436330, 1.000000
Col-0_CPB_#2_13dpi.JPG, 49.851017, 4.468873, 1.000000
Col-0_CPB_#2_15dpi.JPG, 49.569869, 4.870943, 1.000000
Col-0_CPB_#2_17dpi.JPG, 48.036112, 6.725538, 1.000000
Col-0_CPB_#2_1dbi.JPG, 52.294611, 4.522814, 1.000000
Col-0_CPB_#2_1dpi.JPG, 52.326580, 5.221886, 1.000000
Col-0_CPB_#2_3dpi.JPG, 51.560832, 4.989395, 1.000000
Col-0_CPB_#2_5dpi.JPG, 50.440462, 5.407271, 1.000000
Col-0_CPB_#2_7dpi.JPG, 50.798659, 5.159058, 1.000000
Col-0_CPB_#2_9dpi.JPG, 51.476420, 5.313040, 1.000000
Col-0_CPB_#3_11dpi.JPG, 53.682623, 3.948962, 1.000000
Col-0_CPB_#3_13dpi.JPG, 53.375271, 4.950006, 1.000000
Col-0_CPB_#3_15dpi.JPG, 53.162437, 5.351866, 1.000000
Col-0_CPB_#3_17dpi.JPG, 50.908151, 6.713016, 1.000000
Col-0_CPB_#3_1dbi.JPG, 52.386719, 3.303600, 1.000000
Col-0_CPB_#3_1dpi.JPG, 51.313211, 3.904899, 1.000000
Col-0_CPB_#3_3dpi.JPG, 52.764450, 5.113702, 1.000000
Col-0_CPB_#3_5dpi.JPG, 52.304847, 5.766399, 1.000000
Col-0_CPB_#3_7dpi.JPG, 51.791327, 5.426258, 1.000000
Col-0_CPB_#3_9dpi.JPG, 53.461288, 4.615552, 1.000000
Col-0_CPB_#4_11dpi.JPG, 51.922016, 5.175749, 1.000000
Col-0_CPB_#4_13dpi.JPG, 52.841778, 6.105032, 1.000000
Col-0_CPB_#4_15dpi.JPG, 53.009990, 6.409522, 1.000000
Col-0_CPB_#4_17dpi.JPG, 52.630830, 6.606350, 1.000000
Col-0_CPB_#4_1dbi.JPG, 50.829851, 4.056080, 1.000000
Col-0_CPB_#4_1dpi.JPG, 51.497238, 5.133706, 1.000000
Col-0_CPB_#4_3dpi.JPG, 51.544070, 5.107163, 1.000000
Col-0_CPB_#4_5dpi.JPG, 51.171015, 5.829073, 1.000000
Col-0_CPB_#4_7dpi.JPG, 51.286749, 5.299616, 1.000000
Col-0_CPB_#4_9dpi.JPG, 53.146470, 4.593023, 1.000000
Col-0_M_#6_11dpi.JPG, 50.832340, 3.905825, 1.000000
Col-0_M_#6_13dpi.JPG, 51.637669, 3.618456, 1.000000
Col-0_M_#6_15dpi.JPG, 51.542851, 3.718863, 1.000000
Col-0_M_#6_17dpi.JPG, 51.126695, 4.063096, 1.000000
Col-0_M_#6_1dbi.JPG, 50.045728, 3.800435, 1.000000
Col-0_M_#6_1dpi.JPG, 50.498721, 3.403225, 1.000000
Col-0_M_#6_3dpi.JPG, 49.793746, 4.204357, 1.000000
Col-0_M_#6_5dpi.JPG, 50.072300, 4.232497, 1.000000
Col-0_M_#6_7dpi.JPG, 50.250937, 4.559666, 1.000000
Col-0_M_#6_9dpi.JPG, 50.750077, 4.193758, 1.000000
Col-0_M_#7_11dpi.JPG, 51.082784, 3.480546, 1.000000
Col-0_M_#7_13dpi.JPG, 51.372768, 3.516192, 1.000000
Col-0_M_#7_15dpi.JPG, 52.541558, 3.985193, 1.000000
Col-0_M_#7_17dpi.JPG, 52.439711, 4.299995, 1.000000
Col-0_M_#7_1dbi.JPG, 50.322676, 3.857895, 1.000000
Col-0_M_#7_1dpi.JPG, 50.790588, 3.263429, 1.000000
Col-0_M_#7_3dpi.JPG, 50.163283, 3.910427, 1.000000
Col-0_M_#7_5dpi.JPG, 50.226443, 4.231332, 1.000000
Col-0_M_#7_7dpi.JPG, 50.169236, 4.424232, 1.000000
Col-0_M_#7_9dpi.JPG, 50.523399, 3.825876, 1.000000
Col-0_M_#8_11dpi.JPG, 53.124614, 4.240843, 1.000000
Col-0_M_#8_13dpi.JPG, 52.691791, 3.885833, 1.000000
Col-0_M_#8_15dpi.JPG, 53.515138, 3.779932, 1.000000
Col-0_M_#8_17dpi.JPG, 52.988250, 4.171592, 1.000000
Col-0_M_#8_1dbi.JPG, 51.144149, 3.961893, 1.000000
Col-0_M_#8_1dpi.JPG, 52.247776, 3.595853, 1.000000
Col-0_M_#8_3dpi.JPG, 51.294133, 4.253744, 1.000000
Col-0_M_#8_5dpi.JPG, 52.570904, 5.021801, 1.000000
Col-0_M_#8_7dpi.JPG, 52.372553, 4.860161, 1.000000
Col-0_M_#8_9dpi.JPG, 52.924292, 4.819063, 1.000000
Col-0_M_#9_11dpi.JPG, 52.719907, 5.263621, 1.000000
Col-0_M_#9_13dpi.JPG, 55.583266, 5.732238, 1.000000
Col-0_M_#9_15dpi.JPG, 53.023968, 6.595151, 1.000000
Col-0_M_#9_17dpi.JPG, 52.115744, 6.812335, 1.000000
Col-0_M_#9_1dbi.JPG, 51.602813, 3.373532, 1.000000
Col-0_M_#9_1dpi.JPG, 51.365543, 3.647932, 1.000000
Col-0_M_#9_3dpi.JPG, 52.103444, 4.482275, 1.000000
Col-0_M_#9_5dpi.JPG, 51.470294, 6.339317, 1.000000
Col-0_M_#9_7dpi.JPG, 51.642921, 7.014482, 1.000000
Col-0_M_#9_9dpi.JPG, 53.424156, 5.278484, 1.000000
Col-0_wt_#1_11dpi.JPG, 45.426669, 9.416943, 1.000000
Col-0_wt_#1_13dpi.JPG, 44.005987, 10.439088, 1.000000
Col-0_wt_#1_15dpi.JPG, 41.907430, 11.140085, 1.000000
Col-0_wt_#1_17dpi.JPG, 38.243649, 11.807362, 1.000000
Col-0_wt_#1_1dbi.JPG, 53.691034, 4.538870, 1.000000
Col-0_wt_#1_1dpi.JPG, 51.836650, 4.816865, 1.000000
Col-0_wt_#1_3dpi.JPG, 51.233031, 4.959726, 1.000000
Col-0_wt_#1_5dpi.JPG, 50.839280, 6.632463, 1.000000
Col-0_wt_#1_7dpi.JPG, 49.674275, 7.017723, 1.000000
Col-0_wt_#1_9dpi.JPG, 48.284422, 7.448806, 1.000000
Col-0_wt_#2_11dpi.JPG, 45.351781, 10.994800, 1.000000
Col-0_wt_#2_13dpi.JPG, 43.280526, 11.420577, 1.000000
Col-0_wt_#2_15dpi.JPG, 40.630449, 11.817351, 1.000000
Col-0_wt_#2_17dpi.JPG, 37.126970, 12.399643, 1.000000
Col-0_wt_#2_1dbi.JPG, 53.280831, 6.119765, 1.000000
Col-0_wt_#2_1dpi.JPG, 51.277988, 5.660679, 1.000000
Col-0_wt_#2_3dpi.JPG, 51.053551, 5.732859, 1.000000
Col-0_wt_#2_5dpi.JPG, 50.709838, 8.403350, 1.000000
Col-0_wt_#2_7dpi.JPG, 49.157045, 8.913988, 1.000000
Col-0_wt_#2_9dpi.JPG, 47.808987, 9.760302, 1.000000
Col-0_wt_#3_11dpi.JPG, 46.863625, 8.152975, 1.000000
Col-0_wt_#3_13dpi.JPG, 45.261036, 8.979978, 1.000000
Col-0_wt_#3_15dpi.JPG, 43.311149, 9.555974, 1.000000
Col-0_wt_#3_17dpi.JPG, 37.542920, 10.805726, 1.000000
Col-0_wt_#3_1dbi.JPG, 53.792794, 6.121075, 1.000000
Col-0_wt_#3_1dpi.JPG, 52.274239, 5.129094, 1.000000
Col-0_wt_#3_3dpi.JPG, 51.912568, 5.093006, 1.000000
Col-0_wt_#3_5dpi.JPG, 51.630989, 5.948972, 1.000000
Col-0_wt_#3_7dpi.JPG, 50.225012, 6.240846, 1.000000
Col-0_wt_#3_9dpi.JPG, 49.221755, 6.721191, 1.000000
Col-0_wt_#4_11dpi.JPG, 48.094308, 7.207619, 1.000000
Col-0_wt_#4_13dpi.JPG, 46.395541, 7.876805, 1.000000
Col-0_wt_#4_15dpi.JPG, 44.115510, 8.429681, 1.000000
Col-0_wt_#4_17dpi.JPG, 39.460251, 9.522611, 1.000000
Col-0_wt_#4_1dbi.JPG, 53.425355, 4.617408, 1.000000
Col-0_wt_#4_1dpi.JPG, 52.437857, 4.864403, 1.000000
Col-0_wt_#4_3dpi.JPG, 51.722919, 4.720878, 1.000000
Col-0_wt_#4_5dpi.JPG, 51.907376, 5.977179, 1.000000
Col-0_wt_#4_7dpi.JPG, 50.199601, 6.017205, 1.000000
Col-0_wt_#4_9dpi.JPG, 49.954642, 6.612864, 1.000000
dcl234_CPB_#1_11dpi.JPG, 44.866890, 11.518435, 1.000000
dcl234_CPB_#1_13dpi.JPG, 40.139288, 13.257253, 1.000000
dcl234_CPB_#1_15dpi.JPG, 33.721040, 13.559912, 1.000000
dcl234_CPB_#1_17dpi.JPG, 24.662352, 11.555992, 1.000000
dcl234_CPB_#1_1dbi.JPG, 52.703397, 4.834852, 1.000000
dcl234_CPB_#1_1dpi.JPG, 51.609763, 4.815584, 1.000000
dcl234_CPB_#1_3dpi.JPG, 51.305562, 5.548576, 1.000000
dcl234_CPB_#1_5dpi.JPG, 51.276987, 7.677754, 1.000000
dcl234_CPB_#1_7dpi.JPG, 50.014052, 7.914228, 1.000000
dcl234_CPB_#1_9dpi.JPG, 48.948559, 9.605832, 1.000000
dcl234_CPB_#2_11dpi.JPG, 41.906880, 12.287263, 1.000000
dcl234_CPB_#2_13dpi.JPG, 35.450727, 14.831923, 1.000000
dcl234_CPB_#2_15dpi.JPG, 26.604133, 16.005303, 1.000000
dcl234_CPB_#2_17dpi.JPG, 20.665883, 19.800499, 1.000000
dcl234_CPB_#2_1dbi.JPG, 51.738234, 4.242552, 1.000000
dcl234_CPB_#2_1dpi.JPG, 51.654305, 4.329813, 1.000000
dcl234_CPB_#2_3dpi.JPG, 50.502634, 4.388205, 1.000000
dcl234_CPB_#2_5dpi.JPG, 50.212075, 5.620191, 1.000000
dcl234_CPB_#2_7dpi.JPG, 49.128757, 6.157261, 1.000000
dcl234_CPB_#2_9dpi.JPG, 47.357766, 7.918310, 1.000000
dcl234_CPB_#3_11dpi.JPG, 40.125617, 13.195114, 1.000000
dcl234_CPB_#3_13dpi.JPG, 34.914926, 15.387862, 1.000000
dcl234_CPB_#3_15dpi.JPG, 28.780146, 17.153109, 1.000000
dcl234_CPB_#3_17dpi.JPG, 22.434693, 18.249569, 1.000000
dcl234_CPB_#3_1dbi.JPG, 52.546231, 4.916115, 1.000000
dcl234_CPB_#3_1dpi.JPG, 51.695914, 4.744076, 1.000000
dcl234_CPB_#3_3dpi.JPG, 50.755404, 4.948354, 1.000000
dcl234_CPB_#3_5dpi.JPG, 50.698341, 6.567986, 1.000000
dcl234_CPB_#3_7dpi.JPG, 49.047291, 7.460171, 1.000000
dcl234_CPB_#3_9dpi.JPG, 47.011697, 8.848826, 1.000000
dcl234_CPB_#4_11dpi.JPG, 43.337995, 12.309544, 1.000000
dcl234_CPB_#4_13dpi.JPG, 39.073091, 14.680478, 1.000000
dcl234_CPB_#4_15dpi.JPG, 33.043117, 16.655134, 1.000000
dcl234_CPB_#4_17dpi.JPG, 24.635058, 18.201263, 1.000000
dcl234_CPB_#4_1dbi.JPG, 53.160178, 4.450982, 1.000000
dcl234_CPB_#4_1dpi.JPG, 52.121234, 4.619378, 1.000000
dcl234_CPB_#4_3dpi.JPG, 51.255406, 5.353535, 1.000000
dcl234_CPB_#4_5dpi.JPG, 50.929893, 7.479848, 1.000000
dcl234_CPB_#4_7dpi.JPG, 49.234270, 8.392097, 1.000000
dcl234_CPB_#4_9dpi.JPG, 48.322118, 9.320234, 1.000000
dcl234_M_#1_11dpi.JPG, 51.138218, 2.881380, 1.000000
dcl234_M_#1_13dpi.JPG, 50.528043, 2.582734, 1.000000
dcl234_M_#1_15dpi.JPG, 51.081332, 2.481116, 1.000000
dcl234_M_#1_17dpi.JPG, 51.879088, 2.667776, 1.000000
dcl234_M_#1_1dbi.JPG, 49.789539, 4.591402, 1.000000
dcl234_M_#1_1dpi.JPG, 50.962593, 4.356968, 1.000000
dcl234_M_#1_3dpi.JPG, 49.594106, 4.161187, 1.000000
dcl234_M_#1_5dpi.JPG, 50.191722, 3.890177, 1.000000
dcl234_M_#1_7dpi.JPG, 51.397578, 3.443740, 1.000000
dcl234_M_#1_9dpi.JPG, 51.039136, 3.328615, 1.000000
dcl234_M_#4_11dpi.JPG, 49.887302, 2.643674, 1.000000
dcl234_M_#4_13dpi.JPG, 49.487909, 2.378971, 1.000000
dcl234_M_#4_15dpi.JPG, 49.913405, 2.577689, 1.000000
dcl234_M_#4_17dpi.JPG, 50.250223, 2.957133, 1.000000
dcl234_M_#4_1dbi.JPG, 49.480589, 4.654614, 1.000000
dcl234_M_#4_1dpi.JPG, 49.781466, 4.991382, 1.000000
dcl234_M_#4_3dpi.JPG, 48.552102, 4.603152, 1.000000
dcl234_M_#4_5dpi.JPG, 49.539905, 4.319750, 1.000000
dcl234_M_#4_7dpi.JPG, 49.812752, 3.043905, 1.000000
dcl234_M_#4_9dpi.JPG, 49.082869, 3.041451, 1.000000
dcl234_M_#8_11dpi.JPG, 52.326191, 6.368322, 1.000000
dcl234_M_#8_13dpi.JPG, 52.409648, 5.274293, 1.000000
dcl234_M_#8_15dpi.JPG, 53.116433, 4.204246, 1.000000
dcl234_M_#8_17dpi.JPG, 52.192210, 4.475876, 1.000000
dcl234_M_#8_1dbi.JPG, 50.981746, 4.356484, 1.000000
dcl234_M_#8_1dpi.JPG, 51.271199, 5.376678, 1.000000
dcl234_M_#8_3dpi.JPG, 50.771065, 6.079062, 1.000000
dcl234_M_#8_5dpi.JPG, 51.061672, 7.804717, 1.000000
dcl234_M_#8_7dpi.JPG, 51.458466, 7.818196, 1.000000
dcl234_M_#8_9dpi.JPG, 52.343290, 6.722408, 1.000000
dcl234_M_#9_11dpi.JPG, 51.347825, 5.645808, 1.000000
dcl234_M_#9_13dpi.JPG, 51.232460, 5.353782, 1.000000
dcl234_M_#9_15dpi.JPG, 51.107020, 4.493738, 1.000000
dcl234_M_#9_17dpi.JPG, 51.102507, 4.225463, 1.000000
dcl234_M_#9_1dbi.JPG, 50.723623, 3.502921, 1.000000
dcl234_M_#9_1dpi.JPG, 51.069954, 4.432573, 1.000000
dcl234_M_#9_3dpi.JPG, 50.619976, 4.975205, 1.000000
dcl234_M_#9_5dpi.JPG, 50.491364, 6.411737, 1.000000
dcl234_M_#9_7dpi.JPG, 50.262085, 6.877386, 1.000000
dcl234_M_#9_9dpi.JPG, 50.996054, 6.626593, 1.000000
dcl234_wt_#1_11dpi.JPG, 44.245948, 12.097280, 1.000000
dcl234_wt_#1_13dpi.JPG, 39.807930, 14.432425, 1.000000
dcl234_wt_#1_15dpi.JPG, 32.695785, 15.727201, 1.000000
dcl234_wt_#1_17dpi.JPG, 24.701163, 15.165078, 1.000000
dcl234_wt_#1_1dbi.JPG, 52.808681, 5.254049, 1.000000
dcl234_wt_#1_1dpi.JPG, 51.476770, 5.234002, 1.000000
dcl234_wt_#1_3dpi.JPG, 50.644361, 6.244897, 1.000000
dcl234_wt_#1_5dpi.JPG, 49.647387, 7.575131, 1.000000
dcl234_wt_#1_7dpi.JPG, 49.391541, 7.875560, 1.000000
dcl234_wt_#1_9dpi.JPG, 48.290993, 8.315050, 1.000000
dcl234_wt_#2_11dpi.JPG, 44.655569, 9.818554, 1.000000
dcl234_wt_#2_13dpi.JPG, 39.586682, 11.854240, 1.000000
dcl234_wt_#2_15dpi.JPG, 31.529193, 12.662776, 1.000000
dcl234_wt_#2_17dpi.JPG, 23.072038, 10.256362, 1.000000
dcl234_wt_#2_1dbi.JPG, 53.189014, 4.661040, 1.000000
dcl234_wt_#2_1dpi.JPG, 51.844193, 4.412959, 1.000000
dcl234_wt_#2_3dpi.JPG, 50.928175, 4.781385, 1.000000
dcl234_wt_#2_5dpi.JPG, 49.972413, 5.602449, 1.000000
dcl234_wt_#2_7dpi.JPG, 49.077154, 6.170865, 1.000000
dcl234_wt_#2_9dpi.JPG, 48.119521, 7.055733, 1.000000
dcl234_wt_#3_11dpi.JPG, 44.254767, 9.814765, 1.000000
dcl234_wt_#3_13dpi.JPG, 39.383828, 12.032407, 1.000000
dcl234_wt_#3_15dpi.JPG, 31.701465, 12.294631, 1.000000
dcl234_wt_#3_17dpi.JPG, 23.233880, 10.988775, 1.000000
dcl234_wt_#3_1dbi.JPG, 52.782014, 4.602277, 1.000000
dcl234_wt_#3_1dpi.JPG, 51.261557, 4.440228, 1.000000
dcl234_wt_#3_3dpi.JPG, 50.422857, 4.588498, 1.000000
dcl234_wt_#3_5dpi.JPG, 50.526931, 5.626349, 1.000000
dcl234_wt_#3_7dpi.JPG, 49.552578, 6.478540, 1.000000
dcl234_wt_#3_9dpi.JPG, 48.296018, 6.861846, 1.000000
dcl234_wt_#4_11dpi.JPG, 42.009523, 11.273120, 1.000000
dcl234_wt_#4_13dpi.JPG, 37.586565, 13.325729, 1.000000
dcl234_wt_#4_15dpi.JPG, 29.738212, 12.627009, 1.000000
dcl234_wt_#4_17dpi.JPG, 21.521363, 12.633401, 1.000000
dcl234_wt_#4_1dbi.JPG, 52.681662, 5.693229, 1.000000
dcl234_wt_#4_1dpi.JPG, 51.569637, 5.715027, 1.000000
dcl234_wt_#4_3dpi.JPG, 50.882500, 5.570471, 1.000000
dcl234_wt_#4_5dpi.JPG, 49.967851, 6.600499, 1.000000
dcl234_wt_#4_7dpi.JPG, 48.752231, 7.289493, 1.000000
dcl234_wt_#4_9dpi.JPG, 47.021634, 8.065492, 1.000000
