Image	Mean1	Mean2	Mean3	Covariance1	Covariance2	Covariance3	Weight1	Weight2	Weight3
Col-0_CPB_#1_11dpi.JPG, 51.184762, 53.494346, 51.967936, 1.840940, 1.750695, 7.487653, 0.744785, 0.176318, 0.078897
Col-0_CPB_#1_13dpi.JPG, 52.813590, 50.426471, 49.770973, 2.376805, 2.135651, 7.255578, 0.217310, 0.670582, 0.112108
Col-0_CPB_#1_15dpi.JPG, 52.267570, 47.640684, 34.621151, 3.680380, 3.313922, 4.199866, 0.747405, 0.211479, 0.041116
Col-0_CPB_#1_17dpi.JPG, 49.205544, 52.850986, 32.620661, 3.563215, 4.095350, 4.556880, 0.472242, 0.431146, 0.096611
Col-0_CPB_#1_1dbi.JPG, 51.056283, 65.263813, 51.491018, 1.761131, 12.035870, 4.714962, 0.812179, 0.032753, 0.155068
Col-0_CPB_#1_1dpi.JPG, 52.036898, 63.444158, 51.127881, 1.754525, 11.092803, 3.703930, 0.609429, 0.040894, 0.349677
Col-0_CPB_#1_3dpi.JPG, 50.605621, 49.791988, 52.898289, 1.835139, 5.462966, 16.951150, 0.763816, 0.202377, 0.033807
Col-0_CPB_#1_5dpi.JPG, 52.559103, 31.441827, 50.487721, 8.675797, 3.925123, 2.047091, 0.111353, 0.008531, 0.880116
Col-0_CPB_#1_7dpi.JPG, 51.194032, 51.447129, 50.067405, 1.396442, 2.770992, 12.651668, 0.528368, 0.431223, 0.040409
Col-0_CPB_#1_9dpi.JPG, 53.085215, 50.642838, 53.891287, 2.153981, 1.907909, 11.071489, 0.141109, 0.835916, 0.022975
Col-0_CPB_#2_11dpi.JPG, 53.625605, 50.517768, 26.656921, 10.552713, 2.345184, 2.769397, 0.088931, 0.904209, 0.006860
Col-0_CPB_#2_13dpi.JPG, 49.784370, 52.588304, 25.989829, 2.419207, 11.453407, 2.802833, 0.915035, 0.078514, 0.006451
Col-0_CPB_#2_15dpi.JPG, 49.719909, 49.676323, 26.418997, 2.761124, 11.813209, 2.718916, 0.897265, 0.096476, 0.006259
Col-0_CPB_#2_17dpi.JPG, 32.145925, 48.175858, 49.402073, 4.745732, 11.925742, 2.934217, 0.070467, 0.122304, 0.807229
Col-0_CPB_#2_1dbi.JPG, 51.327563, 55.704903, 60.442824, 1.885573, 2.705383, 13.551502, 0.843241, 0.097479, 0.059280
Col-0_CPB_#2_1dpi.JPG, 51.185470, 58.280304, 54.784487, 2.192080, 13.926620, 3.625468, 0.766612, 0.086144, 0.147244
Col-0_CPB_#2_3dpi.JPG, 49.139283, 51.500979, 59.082636, 2.236108, 2.515442, 12.237685, 0.254117, 0.658830, 0.087052
Col-0_CPB_#2_5dpi.JPG, 50.510969, 37.698655, 62.942595, 2.684172, 5.380330, 10.077750, 0.898039, 0.053005, 0.048956
Col-0_CPB_#2_7dpi.JPG, 50.794157, 35.024314, 63.348345, 2.656191, 5.728057, 10.426117, 0.926452, 0.032440, 0.041108
Col-0_CPB_#2_9dpi.JPG, 51.526372, 33.168936, 54.909980, 2.440944, 7.079938, 10.103644, 0.855854, 0.024731, 0.119415
Col-0_CPB_#3_11dpi.JPG, 53.287044, 58.279683, 51.615022, 2.564672, 4.772942, 10.488952, 0.854980, 0.095737, 0.049282
Col-0_CPB_#3_13dpi.JPG, 54.507027, 53.215253, 30.887519, 5.033918, 2.489049, 3.386699, 0.439210, 0.542547, 0.018244
Col-0_CPB_#3_15dpi.JPG, 54.692770, 45.109786, 51.521292, 3.488021, 14.937150, 3.097661, 0.627189, 0.054273, 0.318538
Col-0_CPB_#3_17dpi.JPG, 55.086024, 40.507283, 50.971717, 3.805060, 12.700971, 3.046534, 0.273690, 0.113681, 0.612628
Col-0_CPB_#3_1dbi.JPG, 50.688036, 53.011520, 60.866860, 1.960488, 2.253342, 10.118235, 0.368655, 0.601841, 0.029504
Col-0_CPB_#3_1dpi.JPG, 53.744595, 50.278826, 59.598015, 2.572610, 2.164176, 12.998328, 0.204402, 0.760619, 0.034979
Col-0_CPB_#3_3dpi.JPG, 53.077254, 49.071396, 55.616735, 2.736620, 9.962715, 3.950832, 0.718156, 0.157141, 0.124703
Col-0_CPB_#3_5dpi.JPG, 53.762558, 34.560599, 52.590833, 5.360173, 5.475636, 2.346339, 0.470942, 0.046466, 0.482592
Col-0_CPB_#3_7dpi.JPG, 54.083023, 51.362083, 43.779793, 3.599009, 2.424932, 11.923716, 0.413234, 0.495086, 0.091680
Col-0_CPB_#3_9dpi.JPG, 54.883315, 52.804214, 47.552417, 4.143211, 2.213360, 14.060632, 0.427685, 0.528115, 0.044200
Col-0_CPB_#4_11dpi.JPG, 53.339807, 50.749889, 44.726713, 2.727566, 2.447468, 13.751737, 0.632875, 0.289596, 0.077529
Col-0_CPB_#4_13dpi.JPG, 54.818373, 44.248797, 52.950600, 3.824832, 13.706436, 2.373509, 0.418908, 0.102421, 0.478671
Col-0_CPB_#4_15dpi.JPG, 54.572897, 43.622330, 52.616333, 3.402391, 15.365677, 2.376000, 0.635162, 0.094405, 0.270434
Col-0_CPB_#4_17dpi.JPG, 54.548785, 51.979256, 43.027453, 3.243696, 2.387525, 16.006806, 0.587160, 0.317088, 0.095752
Col-0_CPB_#4_1dbi.JPG, 51.627316, 65.605919, 47.944659, 2.135504, 11.371594, 2.071347, 0.658593, 0.026036, 0.315372
Col-0_CPB_#4_1dpi.JPG, 52.641433, 67.851973, 48.433722, 2.541487, 11.059435, 2.480465, 0.542692, 0.040170, 0.417138
Col-0_CPB_#4_3dpi.JPG, 50.678090, 52.074064, 34.282862, 8.848209, 3.058144, 5.922208, 0.154800, 0.827557, 0.017643
Col-0_CPB_#4_5dpi.JPG, 52.146978, 51.863069, 31.816431, 7.573939, 3.107128, 5.735717, 0.188194, 0.774619, 0.037187
Col-0_CPB_#4_7dpi.JPG, 52.586234, 45.996367, 50.924318, 4.010797, 13.379692, 2.519164, 0.460651, 0.081805, 0.457544
Col-0_CPB_#4_9dpi.JPG, 51.655234, 54.184955, 51.666107, 2.757721, 3.006251, 12.702572, 0.338628, 0.589176, 0.072196
Col-0_M_#6_11dpi.JPG, 53.335853, 50.297883, 46.145917, 2.861383, 2.315349, 13.699801, 0.226910, 0.735785, 0.037305
Col-0_M_#6_13dpi.JPG, 50.739420, 53.908966, 52.073196, 2.284386, 2.254794, 10.434539, 0.683012, 0.258997, 0.057991
Col-0_M_#6_15dpi.JPG, 51.042005, 53.996650, 49.299921, 2.729815, 3.264353, 15.372018, 0.799844, 0.180878, 0.019278
Col-0_M_#6_17dpi.JPG, 53.151918, 50.157656, 49.434918, 2.606476, 2.320784, 10.323516, 0.343793, 0.572681, 0.083525
Col-0_M_#6_1dbi.JPG, 51.155742, 49.211754, 58.000994, 2.106061, 1.452599, 12.756170, 0.205157, 0.745334, 0.049510
Col-0_M_#6_1dpi.JPG, 49.663150, 57.883023, 52.285306, 1.851694, 11.558542, 2.175780, 0.758803, 0.036285, 0.204911
Col-0_M_#6_3dpi.JPG, 49.739366, 62.333927, 47.604127, 2.018907, 14.154332, 6.885318, 0.865032, 0.023257, 0.111711
Col-0_M_#6_5dpi.JPG, 49.878766, 49.339505, 50.447927, 2.743930, 12.822993, 1.865222, 0.511817, 0.076073, 0.412111
Col-0_M_#6_7dpi.JPG, 50.546850, 33.324421, 50.450890, 2.549043, 4.887055, 11.178384, 0.906263, 0.016753, 0.076984
Col-0_M_#6_9dpi.JPG, 50.847900, 32.007923, 52.461959, 2.634429, 5.217419, 10.666188, 0.928027, 0.010462, 0.061511
Col-0_M_#7_11dpi.JPG, 50.874703, 52.375055, 51.749016, 2.422855, 8.770949, 3.603711, 0.814842, 0.073790, 0.111368
Col-0_M_#7_13dpi.JPG, 52.036360, 49.036993, 52.923870, 2.237635, 2.000402, 7.288921, 0.626377, 0.256038, 0.117586
Col-0_M_#7_15dpi.JPG, 52.442796, 50.526405, 55.324560, 2.652513, 5.636050, 5.714175, 0.714366, 0.150968, 0.134666
Col-0_M_#7_17dpi.JPG, 53.465231, 51.941468, 52.310659, 3.625017, 2.379948, 7.741573, 0.281019, 0.529280, 0.189701
Col-0_M_#7_1dbi.JPG, 49.567415, 62.846701, 50.632866, 1.274871, 11.935689, 3.231560, 0.693178, 0.035071, 0.271751
Col-0_M_#7_1dpi.JPG, 49.909778, 56.989540, 52.415456, 1.717564, 10.606979, 2.175370, 0.723708, 0.041213, 0.235080
Col-0_M_#7_3dpi.JPG, 50.232308, 48.296592, 54.665540, 1.969444, 2.247646, 11.885804, 0.744582, 0.188627, 0.066791
Col-0_M_#7_5dpi.JPG, 49.491185, 51.217725, 50.560775, 2.149549, 2.291830, 12.034129, 0.540538, 0.371143, 0.088319
Col-0_M_#7_7dpi.JPG, 50.286314, 47.850807, 50.438809, 3.010107, 13.249853, 1.764392, 0.463836, 0.076832, 0.459333
Col-0_M_#7_9dpi.JPG, 52.035290, 48.991433, 53.602007, 2.352538, 2.277975, 13.250625, 0.443781, 0.516927, 0.039292
Col-0_M_#8_11dpi.JPG, 52.494822, 55.623795, 46.991520, 2.450534, 3.837955, 12.902338, 0.691867, 0.269400, 0.038732
Col-0_M_#8_13dpi.JPG, 56.275485, 52.368653, 32.927022, 5.569870, 2.447928, 7.612057, 0.129116, 0.861559, 0.009325
Col-0_M_#8_15dpi.JPG, 53.336051, 52.865278, 56.664512, 2.436141, 7.518794, 3.687744, 0.788723, 0.137959, 0.073318
Col-0_M_#8_17dpi.JPG, 54.692831, 52.799947, 51.969560, 3.702366, 11.826008, 2.410776, 0.357891, 0.053054, 0.589055
Col-0_M_#8_1dbi.JPG, 50.348763, 63.041274, 51.488176, 1.459360, 11.599747, 3.075019, 0.721945, 0.041423, 0.236632
Col-0_M_#8_1dpi.JPG, 50.672943, 52.782349, 56.591565, 1.902126, 2.006466, 9.805983, 0.382841, 0.545492, 0.071667
Col-0_M_#8_3dpi.JPG, 51.048158, 55.477774, 50.943482, 1.878617, 13.367364, 4.783721, 0.781771, 0.059286, 0.158944
Col-0_M_#8_5dpi.JPG, 52.660142, 50.814851, 61.352091, 2.334049, 9.438581, 17.318958, 0.837667, 0.142374, 0.019959
Col-0_M_#8_7dpi.JPG, 52.506589, 30.495356, 53.269537, 2.574040, 4.027822, 9.363148, 0.847177, 0.011005, 0.141818
Col-0_M_#8_9dpi.JPG, 52.930858, 35.149502, 55.350161, 2.796334, 8.416130, 7.031286, 0.824586, 0.021333, 0.154081
Col-0_M_#9_11dpi.JPG, 52.525605, 35.915634, 57.205258, 2.987868, 9.438994, 4.498133, 0.791087, 0.036794, 0.172118
Col-0_M_#9_13dpi.JPG, 54.363061, 62.422436, 54.184135, 3.371464, 4.065172, 9.694669, 0.698494, 0.154662, 0.146844
Col-0_M_#9_15dpi.JPG, 52.369740, 32.368131, 55.954238, 3.130723, 19.616729, 3.747370, 0.583116, 0.035618, 0.381265
Col-0_M_#9_17dpi.JPG, 54.449315, 34.741737, 51.065534, 3.478638, 20.026800, 3.279267, 0.530486, 0.045629, 0.423885
Col-0_M_#9_1dbi.JPG, 52.179274, 49.619285, 59.879466, 2.251531, 1.938812, 9.685457, 0.641152, 0.325497, 0.033351
Col-0_M_#9_1dpi.JPG, 52.039744, 56.829221, 48.932942, 2.600535, 9.593345, 2.049896, 0.666509, 0.045830, 0.287660
Col-0_M_#9_3dpi.JPG, 50.119093, 54.768011, 51.631011, 7.815800, 2.579476, 2.454391, 0.203752, 0.248801, 0.547447
Col-0_M_#9_5dpi.JPG, 50.814495, 53.809326, 43.095805, 2.946587, 3.496757, 11.131064, 0.276610, 0.582387, 0.141002
Col-0_M_#9_7dpi.JPG, 51.815588, 55.443099, 39.176069, 3.024049, 4.301318, 10.686734, 0.509906, 0.370190, 0.119904
Col-0_M_#9_9dpi.JPG, 53.097473, 56.960445, 50.439686, 3.191982, 4.180958, 11.296988, 0.723400, 0.162838, 0.113762
Col-0_wt_#1_11dpi.JPG, 47.955695, 36.877458, 51.144272, 3.081922, 12.963108, 4.137517, 0.493060, 0.290565, 0.216374
Col-0_wt_#1_13dpi.JPG, 48.497586, 21.541004, 33.110624, 5.296294, 5.123607, 3.343769, 0.789807, 0.108678, 0.101515
Col-0_wt_#1_15dpi.JPG, 39.292905, 29.256908, 47.777775, 15.367577, 8.512055, 3.638010, 0.161178, 0.243119, 0.595703
Col-0_wt_#1_17dpi.JPG, 45.226133, 22.361462, 31.658646, 7.292347, 5.754125, 3.446678, 0.646164, 0.234675, 0.119161
Col-0_wt_#1_1dbi.JPG, 55.883971, 51.713629, 56.394284, 7.700632, 2.074159, 2.699151, 0.193053, 0.556489, 0.250458
Col-0_wt_#1_1dpi.JPG, 52.498336, 52.498415, 51.417903, 4.252841, 14.632166, 2.558016, 0.326818, 0.060750, 0.612432
Col-0_wt_#1_3dpi.JPG, 51.412163, 43.008986, 53.442712, 2.933651, 6.180631, 10.319244, 0.842057, 0.047906, 0.110036
Col-0_wt_#1_5dpi.JPG, 50.049496, 53.268255, 42.001875, 2.674375, 3.316086, 15.266803, 0.390064, 0.505781, 0.104155
Col-0_wt_#1_7dpi.JPG, 50.455776, 27.431616, 53.244783, 3.363365, 5.764958, 7.873055, 0.788841, 0.053090, 0.158069
Col-0_wt_#1_9dpi.JPG, 49.385649, 27.089244, 51.056212, 3.351168, 6.467602, 7.930645, 0.728727, 0.064856, 0.206417
Col-0_wt_#2_11dpi.JPG, 49.182051, 29.248039, 42.695582, 3.440093, 10.881964, 15.496596, 0.637365, 0.109912, 0.252723
Col-0_wt_#2_13dpi.JPG, 48.049253, 40.298442, 19.783033, 2.773961, 13.728825, 6.774755, 0.559165, 0.374939, 0.065897
Col-0_wt_#2_15dpi.JPG, 28.488074, 44.548750, 18.261291, 4.667708, 8.234450, 5.306585, 0.053191, 0.830251, 0.116558
Col-0_wt_#2_17dpi.JPG, 40.960362, 16.675320, 28.571962, 10.330022, 4.995611, 4.055831, 0.796015, 0.109808, 0.094177
Col-0_wt_#2_1dbi.JPG, 49.665138, 58.197911, 54.763062, 2.652061, 9.970256, 3.590046, 0.416653, 0.186860, 0.396487
Col-0_wt_#2_1dpi.JPG, 50.802002, 52.971072, 53.269549, 3.312483, 7.563473, 16.541869, 0.787163, 0.164833, 0.048004
Col-0_wt_#2_3dpi.JPG, 50.864354, 57.525368, 44.462629, 3.315906, 9.177718, 8.185884, 0.798238, 0.113362, 0.088400
Col-0_wt_#2_5dpi.JPG, 43.832677, 53.429750, 50.105420, 16.483449, 4.300224, 3.681724, 0.166389, 0.495778, 0.337833
Col-0_wt_#2_7dpi.JPG, 49.838918, 52.224800, 41.306014, 3.283903, 4.636112, 15.548051, 0.353566, 0.442731, 0.203703
Col-0_wt_#2_9dpi.JPG, 50.058317, 29.738951, 49.464619, 3.968055, 11.469889, 15.461362, 0.767834, 0.107043, 0.125123
Col-0_wt_#3_11dpi.JPG, 35.433864, 49.240055, 50.601860, 7.612479, 3.949531, 11.036801, 0.184487, 0.690210, 0.125303
Col-0_wt_#3_13dpi.JPG, 48.657291, 35.474208, 48.729629, 3.132904, 9.549121, 8.051345, 0.446094, 0.259239, 0.294667
Col-0_wt_#3_15dpi.JPG, 42.970881, 32.075339, 47.858139, 12.501335, 7.599874, 3.447327, 0.196599, 0.227220, 0.576182
Col-0_wt_#3_17dpi.JPG, 23.301724, 44.103148, 31.947058, 4.868651, 7.502929, 3.615336, 0.212857, 0.611717, 0.175426
Col-0_wt_#3_1dbi.JPG, 54.591262, 60.124169, 50.240367, 3.945118, 11.458717, 2.824581, 0.527408, 0.127251, 0.345340
Col-0_wt_#3_1dpi.JPG, 50.933597, 54.021491, 53.858037, 2.797150, 13.568470, 2.971022, 0.546631, 0.090485, 0.362884
Col-0_wt_#3_3dpi.JPG, 50.177178, 53.332787, 52.618529, 3.328821, 11.068756, 2.897345, 0.327978, 0.132655, 0.539367
Col-0_wt_#3_5dpi.JPG, 52.475940, 51.724265, 46.893570, 5.539655, 3.319932, 17.061019, 0.274598, 0.663365, 0.062037
Col-0_wt_#3_7dpi.JPG, 50.143807, 52.641901, 43.598361, 3.205252, 5.222119, 15.365091, 0.660715, 0.254544, 0.084741
Col-0_wt_#3_9dpi.JPG, 49.983778, 35.217487, 52.282100, 3.604129, 8.890877, 10.591649, 0.807690, 0.070556, 0.121754
Col-0_wt_#4_11dpi.JPG, 50.075662, 47.026241, 39.811523, 3.378379, 3.089116, 15.581874, 0.651073, 0.221780, 0.127147
Col-0_wt_#4_13dpi.JPG, 46.521598, 38.198127, 50.281441, 2.492982, 13.293014, 3.051475, 0.381070, 0.203018, 0.415911
Col-0_wt_#4_15dpi.JPG, 47.032787, 35.518628, 41.488125, 2.927010, 14.270980, 7.100328, 0.673510, 0.185443, 0.141047
Col-0_wt_#4_17dpi.JPG, 23.543859, 44.858167, 33.632849, 6.118253, 5.554458, 3.145369, 0.147086, 0.651327, 0.201587
Col-0_wt_#4_1dbi.JPG, 54.077029, 58.580986, 50.662135, 3.068689, 8.218821, 2.042702, 0.512805, 0.127802, 0.359393
Col-0_wt_#4_1dpi.JPG, 53.487209, 65.140408, 49.854648, 2.760564, 11.813328, 2.431302, 0.520125, 0.045390, 0.434484
Col-0_wt_#4_3dpi.JPG, 49.090553, 52.142574, 55.005223, 3.368099, 2.954428, 13.163069, 0.199175, 0.735070, 0.065754
Col-0_wt_#4_5dpi.JPG, 53.533685, 47.475306, 49.654412, 2.860067, 15.223637, 3.504750, 0.634810, 0.096203, 0.268988
Col-0_wt_#4_7dpi.JPG, 49.699739, 51.000109, 29.821420, 10.392168, 3.097386, 5.447685, 0.133775, 0.836641, 0.029584
Col-0_wt_#4_9dpi.JPG, 49.953886, 40.895485, 52.918075, 3.273331, 16.628921, 3.516298, 0.647155, 0.086932, 0.265914
dcl234_CPB_#1_11dpi.JPG, 48.689577, 35.596851, 51.372569, 3.707924, 14.791287, 3.985732, 0.378854, 0.347953, 0.273192
dcl234_CPB_#1_13dpi.JPG, 30.051702, 46.069530, 20.007264, 3.844705, 9.054255, 5.700492, 0.072609, 0.744475, 0.182916
dcl234_CPB_#1_15dpi.JPG, 38.282614, 20.249515, 32.090502, 13.397868, 4.634935, 5.899829, 0.678433, 0.217076, 0.104491
dcl234_CPB_#1_17dpi.JPG, 30.426265, 18.870454, 122.516135, 6.496047, 5.027207, 49.863804, 0.450970, 0.543429, 0.005602
dcl234_CPB_#1_1dbi.JPG, 51.310082, 63.150907, 56.630743, 2.694755, 16.429901, 3.238982, 0.774215, 0.029445, 0.196340
dcl234_CPB_#1_1dpi.JPG, 51.910978, 57.412946, 49.050450, 2.582157, 14.918129, 2.788967, 0.721591, 0.059215, 0.219195
dcl234_CPB_#1_3dpi.JPG, 45.864352, 51.845845, 51.638392, 8.418876, 14.312329, 2.830767, 0.060752, 0.086552, 0.852696
dcl234_CPB_#1_5dpi.JPG, 53.525197, 43.771169, 50.648046, 3.368250, 16.487632, 3.064686, 0.559856, 0.142775, 0.297369
dcl234_CPB_#1_7dpi.JPG, 53.578947, 41.129049, 50.838254, 4.324679, 14.592449, 2.672461, 0.295835, 0.168396, 0.535769
dcl234_CPB_#1_9dpi.JPG, 52.109222, 37.170730, 50.139271, 4.300328, 17.662567, 3.234970, 0.481661, 0.164981, 0.353358
dcl234_CPB_#2_11dpi.JPG, 49.090948, 21.532305, 32.450399, 5.900755, 5.970323, 3.515188, 0.680407, 0.170897, 0.148696
dcl234_CPB_#2_13dpi.JPG, 47.941573, 25.883945, 87.167574, 3.439526, 8.158356, 49.788764, 0.401470, 0.586923, 0.011607
dcl234_CPB_#2_15dpi.JPG, 20.428429, 144.592115, 37.564628, 6.022831, 40.063133, 7.232775, 0.701649, 0.009933, 0.288418
dcl234_CPB_#2_17dpi.JPG, 15.921844, 155.088318, 23.193854, 4.926730, 24.820196, 7.108975, 0.680651, 0.018361, 0.300988
dcl234_CPB_#2_1dbi.JPG, 53.141683, 57.203578, 50.159888, 2.693376, 12.019905, 2.132232, 0.386492, 0.060466, 0.553042
dcl234_CPB_#2_1dpi.JPG, 50.449653, 53.339041, 58.256691, 2.489819, 2.103819, 14.172845, 0.663633, 0.289036, 0.047331
dcl234_CPB_#2_3dpi.JPG, 50.651501, 49.831393, 51.846844, 2.008632, 4.018103, 15.241841, 0.690589, 0.257371, 0.052040
dcl234_CPB_#2_5dpi.JPG, 33.330637, 50.726970, 51.560739, 7.555993, 2.773038, 14.343787, 0.032653, 0.903614, 0.063734
dcl234_CPB_#2_7dpi.JPG, 68.619674, 49.936823, 31.988616, 11.491112, 3.082904, 7.934228, 0.014087, 0.926227, 0.059686
dcl234_CPB_#2_9dpi.JPG, 50.085643, 47.100204, 38.638617, 2.875856, 2.999545, 13.565813, 0.643630, 0.159721, 0.196648
dcl234_CPB_#3_11dpi.JPG, 29.905697, 45.589142, 21.312845, 3.829984, 9.705622, 6.745098, 0.065149, 0.751884, 0.182967
dcl234_CPB_#3_13dpi.JPG, 45.632966, 24.248628, 115.504452, 7.280289, 7.848322, 45.515905, 0.465780, 0.526484, 0.007735
dcl234_CPB_#3_15dpi.JPG, 29.757091, 41.766220, 18.590850, 6.007812, 25.237718, 4.555462, 0.312181, 0.289247, 0.398572
dcl234_CPB_#3_17dpi.JPG, 27.036946, 155.170577, 17.811450, 10.700777, 26.070478, 5.491044, 0.291438, 0.014084, 0.694478
dcl234_CPB_#3_1dbi.JPG, 53.732986, 60.347123, 50.566877, 3.327732, 14.091593, 2.039263, 0.451872, 0.056101, 0.492027
dcl234_CPB_#3_1dpi.JPG, 49.853699, 58.999075, 52.718720, 2.542364, 14.413931, 2.085434, 0.485129, 0.058452, 0.456419
dcl234_CPB_#3_3dpi.JPG, 50.746945, 59.140056, 47.166732, 2.545047, 14.855405, 5.529651, 0.839324, 0.048751, 0.111925
dcl234_CPB_#3_5dpi.JPG, 51.172146, 33.018002, 69.371493, 3.384801, 7.398291, 12.082057, 0.921007, 0.052579, 0.026414
dcl234_CPB_#3_7dpi.JPG, 49.910889, 47.418037, 33.417991, 3.333474, 14.979944, 8.235509, 0.807299, 0.165328, 0.027373
dcl234_CPB_#3_9dpi.JPG, 49.452374, 33.368133, 49.515867, 3.528421, 8.172614, 16.447597, 0.754153, 0.152113, 0.093734
dcl234_CPB_#4_11dpi.JPG, 49.504495, 29.628443, 41.859427, 4.024645, 9.360035, 18.260564, 0.599987, 0.254139, 0.145874
dcl234_CPB_#4_13dpi.JPG, 48.713457, 27.510400, 84.207583, 4.583127, 9.272304, 47.595483, 0.512559, 0.475185, 0.012256
dcl234_CPB_#4_15dpi.JPG, 25.367991, 46.733700, 114.349005, 8.124993, 4.688277, 54.144316, 0.683404, 0.303125, 0.013471
dcl234_CPB_#4_17dpi.JPG, 19.334623, 159.969493, 34.247382, 5.549710, 27.710381, 8.060975, 0.755167, 0.013119, 0.231715
dcl234_CPB_#4_1dbi.JPG, 51.283424, 54.438939, 63.831290, 2.263090, 3.189976, 11.494488, 0.528191, 0.430504, 0.041305
dcl234_CPB_#4_1dpi.JPG, 50.644340, 53.447398, 60.271024, 2.570842, 2.285086, 13.091396, 0.612842, 0.329759, 0.057399
dcl234_CPB_#4_3dpi.JPG, 46.458745, 53.860682, 51.459127, 8.021961, 13.051203, 2.713495, 0.082276, 0.086482, 0.831242
dcl234_CPB_#4_5dpi.JPG, 52.109128, 42.870593, 48.557919, 3.167929, 18.664548, 10.322519, 0.794710, 0.079160, 0.126131
dcl234_CPB_#4_7dpi.JPG, 51.484148, 48.943939, 40.845649, 3.170297, 4.010049, 15.714255, 0.696502, 0.120876, 0.182622
dcl234_CPB_#4_9dpi.JPG, 48.754052, 39.923229, 52.044347, 4.141968, 15.577077, 3.146732, 0.303246, 0.224770, 0.471984
dcl234_M_#1_11dpi.JPG, 51.379644, 54.088094, 50.853893, 3.110564, 11.559242, 1.542935, 0.417406, 0.020059, 0.562535
dcl234_M_#1_13dpi.JPG, 49.202934, 51.287180, 50.951144, 1.436891, 3.446778, 1.234790, 0.318744, 0.399156, 0.282100
dcl234_M_#1_15dpi.JPG, 51.821680, 53.271790, 49.515424, 1.560540, 4.521546, 1.682467, 0.511714, 0.102696, 0.385590
dcl234_M_#1_17dpi.JPG, 53.368126, 50.031612, 52.029920, 3.592361, 2.057110, 1.479603, 0.271624, 0.257378, 0.470999
dcl234_M_#1_1dbi.JPG, 49.063536, 60.769336, 52.944709, 1.586699, 19.043832, 3.300683, 0.882459, 0.034482, 0.083059
dcl234_M_#1_1dpi.JPG, 50.106248, 55.433341, 71.715924, 2.123516, 3.780133, 9.738002, 0.908147, 0.069311, 0.022542
dcl234_M_#1_3dpi.JPG, 49.436366, 54.090489, 49.095755, 1.569445, 14.765408, 3.995836, 0.729252, 0.050045, 0.220703
dcl234_M_#1_5dpi.JPG, 50.080263, 55.799869, 49.012266, 1.579045, 13.385831, 3.721956, 0.783375, 0.050506, 0.166119
dcl234_M_#1_7dpi.JPG, 54.014164, 51.067413, 54.348100, 2.941206, 1.933436, 13.361917, 0.068232, 0.892416, 0.039353
dcl234_M_#1_9dpi.JPG, 51.402219, 49.096766, 53.832928, 2.063235, 2.116653, 12.066026, 0.760887, 0.199380, 0.039733
dcl234_M_#4_11dpi.JPG, 49.460804, 51.907904, 48.155533, 1.727068, 1.744845, 8.958832, 0.767262, 0.194619, 0.038119
dcl234_M_#4_13dpi.JPG, 48.382895, 50.599802, 48.368902, 1.482148, 1.695963, 7.230489, 0.463495, 0.498687, 0.037818
dcl234_M_#4_15dpi.JPG, 51.649866, 49.298646, 49.413321, 1.463480, 4.767586, 1.505240, 0.232349, 0.170696, 0.596955
dcl234_M_#4_17dpi.JPG, 50.372319, 48.701188, 51.690765, 1.874801, 4.586676, 2.630046, 0.609147, 0.213212, 0.177640
dcl234_M_#4_1dbi.JPG, 48.906161, 55.885893, 54.432600, 1.788342, 16.982948, 3.987371, 0.909523, 0.051204, 0.039273
dcl234_M_#4_1dpi.JPG, 49.505836, 58.719783, 31.766831, 2.189976, 14.381178, 9.809316, 0.934650, 0.053236, 0.012114
dcl234_M_#4_3dpi.JPG, 48.502275, 48.688169, 47.696175, 3.033170, 1.493221, 15.380522, 0.358550, 0.571475, 0.069975
dcl234_M_#4_5dpi.JPG, 49.590506, 57.134319, 42.712231, 1.947612, 12.393366, 9.161268, 0.908335, 0.040209, 0.051456
dcl234_M_#4_7dpi.JPG, 49.550439, 52.086621, 49.643400, 1.643578, 2.416724, 11.521665, 0.854661, 0.101834, 0.043505
dcl234_M_#4_9dpi.JPG, 49.254540, 42.081717, 49.178921, 1.708578, 7.862987, 8.000685, 0.914662, 0.023279, 0.062059
dcl234_M_#8_11dpi.JPG, 51.228139, 56.084396, 30.613440, 2.572852, 5.372371, 8.040485, 0.582059, 0.381367, 0.036574
dcl234_M_#8_13dpi.JPG, 51.558048, 57.730496, 35.059892, 2.679880, 5.413314, 10.720697, 0.773399, 0.202469, 0.024132
dcl234_M_#8_15dpi.JPG, 51.546787, 55.399440, 56.858475, 2.283012, 2.481076, 8.335791, 0.638073, 0.241801, 0.120126
dcl234_M_#8_17dpi.JPG, 54.354073, 51.498407, 49.931096, 5.140569, 2.431207, 17.266530, 0.256462, 0.718930, 0.024608
dcl234_M_#8_1dbi.JPG, 51.709797, 49.733027, 54.506571, 2.344873, 1.844572, 13.324388, 0.455067, 0.471789, 0.073144
dcl234_M_#8_1dpi.JPG, 50.492745, 53.006800, 53.361496, 2.538971, 2.918869, 14.470659, 0.704684, 0.193785, 0.101531
dcl234_M_#8_3dpi.JPG, 37.608054, 51.211607, 59.836981, 5.360840, 2.947626, 12.058643, 0.072933, 0.863115, 0.063952
dcl234_M_#8_5dpi.JPG, 31.943233, 49.562339, 52.263901, 4.104235, 15.129668, 3.074030, 0.037346, 0.164106, 0.798548
dcl234_M_#8_7dpi.JPG, 50.337101, 52.740680, 26.826555, 14.086260, 3.157875, 4.066189, 0.146528, 0.817583, 0.035889
dcl234_M_#8_9dpi.JPG, 52.561407, 27.054765, 54.983196, 3.101670, 4.644008, 7.759873, 0.716695, 0.032376, 0.250928
dcl234_M_#9_11dpi.JPG, 53.571370, 51.305229, 28.252698, 5.244390, 2.432493, 4.936239, 0.333961, 0.635058, 0.030982
dcl234_M_#9_13dpi.JPG, 50.887911, 52.753749, 42.627455, 1.995363, 3.695752, 15.621587, 0.484112, 0.454857, 0.061031
dcl234_M_#9_15dpi.JPG, 51.945405, 47.943272, 50.244978, 3.039867, 13.905383, 2.077928, 0.590566, 0.061768, 0.347665
dcl234_M_#9_17dpi.JPG, 50.710076, 50.065085, 55.432967, 2.374041, 12.211422, 3.721747, 0.841404, 0.066432, 0.092164
dcl234_M_#9_1dbi.JPG, 50.928470, 56.038026, 49.274653, 1.892666, 10.528039, 1.303090, 0.616775, 0.063421, 0.319805
dcl234_M_#9_1dpi.JPG, 50.097792, 59.916811, 53.168474, 2.163978, 13.744214, 2.388653, 0.795426, 0.050972, 0.153602
dcl234_M_#9_3dpi.JPG, 51.007419, 50.106180, 50.224384, 2.031198, 14.854493, 3.175984, 0.517814, 0.083537, 0.398649
dcl234_M_#9_5dpi.JPG, 51.011005, 36.890824, 58.399722, 2.796320, 5.813813, 21.012309, 0.899708, 0.058612, 0.041681
dcl234_M_#9_7dpi.JPG, 51.136418, 31.020883, 60.806686, 2.895809, 7.706958, 14.573946, 0.899571, 0.061959, 0.038469
dcl234_M_#9_9dpi.JPG, 51.532398, 55.609493, 27.584405, 3.200701, 10.772094, 4.557694, 0.867489, 0.094095, 0.038416
dcl234_wt_#1_11dpi.JPG, 41.838544, 35.096227, 51.365042, 9.358884, 14.334160, 3.621184, 0.157039, 0.345635, 0.497327
dcl234_wt_#1_13dpi.JPG, 29.175942, 47.102052, 20.053357, 4.150347, 10.487243, 6.025915, 0.124904, 0.688208, 0.186888
dcl234_wt_#1_15dpi.JPG, 46.186791, 24.720367, 94.792466, 4.743135, 7.848618, 53.694708, 0.323927, 0.661490, 0.014583
dcl234_wt_#1_17dpi.JPG, 19.262319, 140.361173, 30.506770, 5.676134, 46.864951, 7.083636, 0.617049, 0.010312, 0.372639
dcl234_wt_#1_1dbi.JPG, 50.611074, 54.881113, 61.369357, 2.544066, 3.548217, 13.305137, 0.576061, 0.364236, 0.059703
dcl234_wt_#1_1dpi.JPG, 51.688438, 57.058555, 49.124885, 2.657808, 14.678322, 2.981326, 0.678385, 0.077242, 0.244374
dcl234_wt_#1_3dpi.JPG, 47.300433, 75.070803, 51.041168, 9.963469, 10.313842, 2.546782, 0.206651, 0.015657, 0.777692
dcl234_wt_#1_5dpi.JPG, 30.101417, 50.918781, 66.283477, 7.966058, 3.219944, 14.401779, 0.078703, 0.897410, 0.023886
dcl234_wt_#1_7dpi.JPG, 50.975379, 40.002621, 50.849076, 3.103095, 16.177183, 4.390868, 0.646174, 0.141903, 0.211923
dcl234_wt_#1_9dpi.JPG, 49.409035, 39.779912, 52.040764, 3.613754, 14.001542, 3.031185, 0.472722, 0.204366, 0.322913
dcl234_wt_#2_11dpi.JPG, 50.121004, 36.034879, 47.435772, 3.416912, 13.355795, 3.209132, 0.268450, 0.307086, 0.424464
dcl234_wt_#2_13dpi.JPG, 48.070449, 29.728916, 38.822858, 3.758611, 8.065207, 19.217631, 0.498643, 0.423075, 0.078282
dcl234_wt_#2_15dpi.JPG, 29.616485, 40.613833, 20.060075, 4.214759, 12.421917, 4.518573, 0.229260, 0.451412, 0.319328
dcl234_wt_#2_17dpi.JPG, 31.056933, 19.383079, 131.878784, 8.354729, 4.662720, 34.220914, 0.284910, 0.711864, 0.003226
dcl234_wt_#2_1dbi.JPG, 51.360973, 67.779044, 55.390994, 2.337576, 10.322656, 2.844985, 0.661945, 0.037591, 0.300464
dcl234_wt_#2_1dpi.JPG, 52.599628, 49.430079, 58.009896, 2.608000, 2.364921, 12.685152, 0.609758, 0.334127, 0.056115
dcl234_wt_#2_3dpi.JPG, 51.071317, 50.342846, 52.333720, 1.972854, 3.982468, 15.379089, 0.626909, 0.308474, 0.064617
dcl234_wt_#2_5dpi.JPG, 50.508219, 33.254109, 58.557667, 2.857884, 7.031430, 13.349406, 0.920505, 0.046464, 0.033031
dcl234_wt_#2_7dpi.JPG, 51.259997, 41.656746, 49.108729, 2.657121, 13.481095, 2.742892, 0.419689, 0.125395, 0.454917
dcl234_wt_#2_9dpi.JPG, 50.582252, 38.820503, 47.403759, 2.678812, 14.174179, 2.543379, 0.601160, 0.139227, 0.259612
dcl234_wt_#3_11dpi.JPG, 48.283336, 31.557844, 61.797683, 4.072444, 7.908842, 32.591765, 0.737894, 0.250357, 0.011749
dcl234_wt_#3_13dpi.JPG, 48.156975, 29.391122, 67.145937, 4.013019, 6.996016, 42.945965, 0.512477, 0.477574, 0.009950
dcl234_wt_#3_15dpi.JPG, 20.963631, 39.366707, 30.602401, 3.890206, 13.584637, 3.824590, 0.292792, 0.447408, 0.259800
dcl234_wt_#3_17dpi.JPG, 20.344001, 32.904077, 138.368842, 5.006097, 8.618361, 36.823344, 0.805495, 0.190268, 0.004237
dcl234_wt_#3_1dbi.JPG, 50.956563, 66.675235, 55.421527, 2.530074, 9.730390, 3.009659, 0.678603, 0.034693, 0.286704
dcl234_wt_#3_1dpi.JPG, 49.054020, 60.479180, 52.230373, 2.348969, 12.991132, 2.301349, 0.427804, 0.047284, 0.524912
dcl234_wt_#3_3dpi.JPG, 50.539640, 49.002920, 54.324961, 2.275527, 6.392858, 18.265522, 0.820879, 0.149344, 0.029777
dcl234_wt_#3_5dpi.JPG, 51.090338, 74.714137, 45.365097, 2.885920, 14.410426, 12.668588, 0.883236, 0.003581, 0.113183
dcl234_wt_#3_7dpi.JPG, 51.594107, 47.971712, 41.694750, 2.717669, 2.787726, 15.780580, 0.614668, 0.282463, 0.102869
dcl234_wt_#3_9dpi.JPG, 50.759463, 40.450555, 46.946672, 2.794239, 14.096688, 2.639475, 0.592921, 0.140290, 0.266789
dcl234_wt_#4_11dpi.JPG, 33.651545, 48.343988, 24.490081, 3.085070, 6.767384, 5.708875, 0.160882, 0.672658, 0.166460
dcl234_wt_#4_13dpi.JPG, 28.345973, 48.764153, 65.602867, 8.089075, 4.040827, 35.060423, 0.561060, 0.422416, 0.016524
dcl234_wt_#4_15dpi.JPG, 23.973943, 41.990095, 94.005055, 6.553894, 6.897931, 43.331094, 0.703522, 0.288348, 0.008130
dcl234_wt_#4_17dpi.JPG, 18.758190, 139.388967, 29.487806, 4.478332, 34.163855, 6.554987, 0.823298, 0.007891, 0.168811
dcl234_wt_#4_1dbi.JPG, 51.573917, 57.350388, 51.234227, 3.008219, 8.177057, 9.813921, 0.727119, 0.196273, 0.076607
dcl234_wt_#4_1dpi.JPG, 51.220211, 51.613215, 53.747203, 2.540145, 4.548518, 15.558501, 0.602629, 0.306810, 0.090562
dcl234_wt_#4_3dpi.JPG, 50.905054, 50.723850, 51.492881, 1.997904, 3.489416, 14.166433, 0.381952, 0.501747, 0.116301
dcl234_wt_#4_5dpi.JPG, 49.164195, 28.033590, 50.602884, 12.986132, 5.425443, 3.190931, 0.149128, 0.018631, 0.832242
dcl234_wt_#4_7dpi.JPG, 42.444624, 49.749258, 49.915416, 15.440326, 4.319436, 2.940798, 0.147375, 0.374202, 0.478423
dcl234_wt_#4_9dpi.JPG, 46.792778, 48.810529, 34.268859, 14.982039, 3.888724, 8.459559, 0.114466, 0.778398, 0.107136
