Image	Mean	Covariance	Weight
ago10_CPB_#1_11dpi.JPG, 51.144765, 4.222431, 1.000000
ago10_CPB_#1_13dpi.JPG, 50.211118, 4.226201, 1.000000
ago10_CPB_#1_15dpi.JPG, 49.908515, 4.251556, 1.000000
ago10_CPB_#1_17dpi.JPG, 50.149178, 5.245651, 1.000000
ago10_CPB_#1_1dbi.JPG, 50.355765, 4.991995, 1.000000
ago10_CPB_#1_1dpi.JPG, 50.128629, 4.845758, 1.000000
ago10_CPB_#1_3dpi.JPG, 51.281864, 5.225266, 1.000000
ago10_CPB_#1_5dpi.JPG, 50.581055, 5.854713, 1.000000
ago10_CPB_#1_7dpi.JPG, 50.364329, 6.231376, 1.000000
ago10_CPB_#1_9dpi.JPG, 51.077726, 5.364061, 1.000000
ago10_CPB_#2_11dpi.JPG, 50.532850, 4.505046, 1.000000
ago10_CPB_#2_13dpi.JPG, 50.635206, 3.807500, 1.000000
ago10_CPB_#2_15dpi.JPG, 50.557017, 4.002214, 1.000000
ago10_CPB_#2_17dpi.JPG, 51.439560, 4.303361, 1.000000
ago10_CPB_#2_1dbi.JPG, 50.988967, 4.890373, 1.000000
ago10_CPB_#2_1dpi.JPG, 51.079941, 5.229929, 1.000000
ago10_CPB_#2_3dpi.JPG, 51.501385, 5.305572, 1.000000
ago10_CPB_#2_5dpi.JPG, 51.423544, 5.480024, 1.000000
ago10_CPB_#2_7dpi.JPG, 51.383100, 5.044583, 1.000000
ago10_CPB_#2_9dpi.JPG, 51.109861, 4.672289, 1.000000
ago10_CPB_#3_11dpi.JPG, 50.748903, 4.689887, 1.000000
ago10_CPB_#3_13dpi.JPG, 50.522524, 4.058839, 1.000000
ago10_CPB_#3_15dpi.JPG, 50.508957, 3.805529, 1.000000
ago10_CPB_#3_17dpi.JPG, 50.788642, 3.742436, 1.000000
ago10_CPB_#3_1dbi.JPG, 50.190751, 4.654167, 1.000000
ago10_CPB_#3_1dpi.JPG, 50.228632, 4.951762, 1.000000
ago10_CPB_#3_3dpi.JPG, 51.239997, 5.514991, 1.000000
ago10_CPB_#3_5dpi.JPG, 51.376785, 6.030815, 1.000000
ago10_CPB_#3_7dpi.JPG, 51.379468, 5.488585, 1.000000
ago10_CPB_#3_9dpi.JPG, 51.126967, 5.005676, 1.000000
ago10_CPB_#4_11dpi.JPG, 50.942931, 5.407128, 1.000000
ago10_CPB_#4_13dpi.JPG, 50.580624, 4.263150, 1.000000
ago10_CPB_#4_15dpi.JPG, 50.895823, 4.314585, 1.000000
ago10_CPB_#4_17dpi.JPG, 50.496344, 4.158413, 1.000000
ago10_CPB_#4_1dbi.JPG, 51.306069, 5.211809, 1.000000
ago10_CPB_#4_1dpi.JPG, 50.973109, 5.870460, 1.000000
ago10_CPB_#4_3dpi.JPG, 51.327650, 6.227873, 1.000000
ago10_CPB_#4_5dpi.JPG, 51.345394, 6.039100, 1.000000
ago10_CPB_#4_7dpi.JPG, 51.061943, 5.725715, 1.000000
ago10_CPB_#4_9dpi.JPG, 51.463776, 5.551950, 1.000000
ago10_M_#1_11dpi.JPG, 51.085839, 4.173516, 1.000000
ago10_M_#1_13dpi.JPG, 51.724427, 3.826367, 1.000000
ago10_M_#1_15dpi.JPG, 50.781516, 3.852571, 1.000000
ago10_M_#1_17dpi.JPG, 50.504963, 4.534053, 1.000000
ago10_M_#1_1dbi.JPG, 51.998164, 4.930184, 1.000000
ago10_M_#1_1dpi.JPG, 51.573677, 5.251887, 1.000000
ago10_M_#1_3dpi.JPG, 52.287945, 5.275305, 1.000000
ago10_M_#1_5dpi.JPG, 52.315633, 5.447477, 1.000000
ago10_M_#1_7dpi.JPG, 52.312640, 5.235677, 1.000000
ago10_M_#1_9dpi.JPG, 51.185534, 4.791615, 1.000000
ago10_M_#2_11dpi.JPG, 50.544773, 4.393742, 1.000000
ago10_M_#2_13dpi.JPG, 51.285747, 4.168282, 1.000000
ago10_M_#2_15dpi.JPG, 51.229569, 4.066790, 1.000000
ago10_M_#2_17dpi.JPG, 51.223907, 4.749065, 1.000000
ago10_M_#2_1dbi.JPG, 50.929973, 5.089719, 1.000000
ago10_M_#2_1dpi.JPG, 50.778697, 5.148337, 1.000000
ago10_M_#2_3dpi.JPG, 51.463878, 5.445215, 1.000000
ago10_M_#2_5dpi.JPG, 52.167195, 5.063756, 1.000000
ago10_M_#2_7dpi.JPG, 51.825393, 5.277211, 1.000000
ago10_M_#2_9dpi.JPG, 51.015676, 5.330987, 1.000000
ago10_M_#3_11dpi.JPG, 49.987192, 5.269507, 1.000000
ago10_M_#3_13dpi.JPG, 50.420823, 4.335594, 1.000000
ago10_M_#3_15dpi.JPG, 50.117379, 4.296465, 1.000000
ago10_M_#3_17dpi.JPG, 49.968035, 4.727520, 1.000000
ago10_M_#3_1dbi.JPG, 49.473138, 4.792607, 1.000000
ago10_M_#3_1dpi.JPG, 49.393663, 5.868715, 1.000000
ago10_M_#3_3dpi.JPG, 49.842633, 5.939627, 1.000000
ago10_M_#3_5dpi.JPG, 50.676412, 5.961789, 1.000000
ago10_M_#3_7dpi.JPG, 49.800326, 5.282772, 1.000000
ago10_M_#3_9dpi.JPG, 49.956105, 5.158856, 1.000000
ago10_M_#4_11dpi.JPG, 51.296690, 4.242051, 1.000000
ago10_M_#4_13dpi.JPG, 51.614756, 3.613351, 1.000000
ago10_M_#4_15dpi.JPG, 51.103131, 3.301975, 1.000000
ago10_M_#4_17dpi.JPG, 50.925504, 3.125761, 1.000000
ago10_M_#4_1dbi.JPG, 51.749823, 5.442282, 1.000000
ago10_M_#4_1dpi.JPG, 51.416848, 5.777010, 1.000000
ago10_M_#4_3dpi.JPG, 51.955952, 5.494501, 1.000000
ago10_M_#4_5dpi.JPG, 52.150640, 5.394799, 1.000000
ago10_M_#4_7dpi.JPG, 51.616907, 5.064664, 1.000000
ago10_M_#4_9dpi.JPG, 51.624535, 4.948557, 1.000000
ago10_wt_#1_11dpi.JPG, 45.359502, 8.512732, 1.000000
ago10_wt_#1_13dpi.JPG, 41.072541, 10.470609, 1.000000
ago10_wt_#1_15dpi.JPG, 37.864894, 11.555044, 1.000000
ago10_wt_#1_17dpi.JPG, 34.995830, 12.451096, 1.000000
ago10_wt_#1_1dbi.JPG, 50.895672, 4.903180, 1.000000
ago10_wt_#1_1dpi.JPG, 50.616790, 5.249337, 1.000000
ago10_wt_#1_3dpi.JPG, 51.071212, 5.801149, 1.000000
ago10_wt_#1_5dpi.JPG, 50.552698, 5.874165, 1.000000
ago10_wt_#1_7dpi.JPG, 49.673221, 5.899068, 1.000000
ago10_wt_#1_9dpi.JPG, 48.113006, 7.091443, 1.000000
ago10_wt_#2_11dpi.JPG, 47.592389, 6.785691, 1.000000
ago10_wt_#2_13dpi.JPG, 43.189403, 9.003547, 1.000000
ago10_wt_#2_15dpi.JPG, 39.016944, 10.119523, 1.000000
ago10_wt_#2_17dpi.JPG, 35.493286, 11.895304, 1.000000
ago10_wt_#2_1dbi.JPG, 51.612234, 4.624794, 1.000000
ago10_wt_#2_1dpi.JPG, 51.116362, 4.789374, 1.000000
ago10_wt_#2_3dpi.JPG, 51.199307, 5.164847, 1.000000
ago10_wt_#2_5dpi.JPG, 51.017137, 5.350674, 1.000000
ago10_wt_#2_7dpi.JPG, 50.844244, 5.522534, 1.000000
ago10_wt_#2_9dpi.JPG, 49.285073, 5.711739, 1.000000
ago10_wt_#3_11dpi.JPG, 47.015101, 8.092053, 1.000000
ago10_wt_#3_13dpi.JPG, 40.422375, 9.437801, 1.000000
ago10_wt_#3_15dpi.JPG, 35.939710, 9.239350, 1.000000
ago10_wt_#3_17dpi.JPG, 33.327301, 11.025848, 1.000000
ago10_wt_#3_1dbi.JPG, 52.203707, 5.132070, 1.000000
ago10_wt_#3_1dpi.JPG, 51.843313, 5.540025, 1.000000
ago10_wt_#3_3dpi.JPG, 52.204782, 6.077177, 1.000000
ago10_wt_#3_5dpi.JPG, 51.267255, 6.731536, 1.000000
ago10_wt_#3_7dpi.JPG, 50.365623, 7.172744, 1.000000
ago10_wt_#3_9dpi.JPG, 49.086105, 7.325842, 1.000000
ago10_wt_#4_11dpi.JPG, 45.260624, 9.360211, 1.000000
ago10_wt_#4_13dpi.JPG, 42.240524, 11.401280, 1.000000
ago10_wt_#4_15dpi.JPG, 39.921713, 12.448653, 1.000000
ago10_wt_#4_17dpi.JPG, 38.270709, 13.620855, 1.000000
ago10_wt_#4_1dbi.JPG, 50.167031, 6.500442, 1.000000
ago10_wt_#4_1dpi.JPG, 50.709858, 5.582902, 1.000000
ago10_wt_#4_3dpi.JPG, 51.343875, 6.249179, 1.000000
ago10_wt_#4_5dpi.JPG, 50.660952, 6.972169, 1.000000
ago10_wt_#4_7dpi.JPG, 48.936227, 7.522682, 1.000000
ago10_wt_#4_9dpi.JPG, 47.215270, 8.204608, 1.000000
ago1-27_CPB_#2_11dpi.JPG, 54.593174, 6.437873, 1.000000
ago1-27_CPB_#2_13dpi.JPG, 54.113484, 6.452424, 1.000000
ago1-27_CPB_#2_15dpi.JPG, 53.713015, 6.392624, 1.000000
ago1-27_CPB_#2_17dpi.JPG, 52.301088, 6.472367, 1.000000
ago1-27_CPB_#2_1dbi.JPG, 51.577746, 7.282094, 1.000000
ago1-27_CPB_#2_1dpi.JPG, 51.643900, 7.234069, 1.000000
ago1-27_CPB_#2_3dpi.JPG, 52.217083, 7.953128, 1.000000
ago1-27_CPB_#2_5dpi.JPG, 52.710922, 8.021898, 1.000000
ago1-27_CPB_#2_7dpi.JPG, 54.243749, 7.400571, 1.000000
ago1-27_CPB_#2_9dpi.JPG, 54.050626, 7.104239, 1.000000
ago1-27_CPB_#5_11dpi.JPG, 53.100658, 5.366189, 1.000000
ago1-27_CPB_#5_13dpi.JPG, 53.128802, 5.449946, 1.000000
ago1-27_CPB_#5_15dpi.JPG, 53.163732, 5.988627, 1.000000
ago1-27_CPB_#5_17dpi.JPG, 52.107475, 6.781042, 1.000000
ago1-27_CPB_#5_1dbi.JPG, 54.809467, 5.112200, 1.000000
ago1-27_CPB_#5_1dpi.JPG, 54.120923, 5.268231, 1.000000
ago1-27_CPB_#5_3dpi.JPG, 53.363913, 5.559168, 1.000000
ago1-27_CPB_#5_5dpi.JPG, 52.730706, 5.855752, 1.000000
ago1-27_CPB_#5_7dpi.JPG, 51.867462, 5.810317, 1.000000
ago1-27_CPB_#5_9dpi.JPG, 53.571973, 5.966250, 1.000000
ago1-27_CPB_#7_11dpi.JPG, 51.848587, 8.675818, 1.000000
ago1-27_CPB_#7_13dpi.JPG, 51.744873, 8.651122, 1.000000
ago1-27_CPB_#7_15dpi.JPG, 51.702321, 8.470174, 1.000000
ago1-27_CPB_#7_17dpi.JPG, 50.876342, 8.424733, 1.000000
ago1-27_CPB_#7_1dbi.JPG, 54.760138, 4.855756, 1.000000
ago1-27_CPB_#7_1dpi.JPG, 53.811500, 5.295673, 1.000000
ago1-27_CPB_#7_3dpi.JPG, 51.293232, 7.588619, 1.000000
ago1-27_CPB_#7_5dpi.JPG, 49.981042, 8.642140, 1.000000
ago1-27_CPB_#7_7dpi.JPG, 48.101490, 10.486360, 1.000000
ago1-27_CPB_#7_9dpi.JPG, 49.781215, 10.217513, 1.000000
ago1-27_CPB_#8_11dpi.JPG, 53.822287, 5.867267, 1.000000
ago1-27_CPB_#8_13dpi.JPG, 53.336930, 5.964081, 1.000000
ago1-27_CPB_#8_15dpi.JPG, 52.949726, 5.907639, 1.000000
ago1-27_CPB_#8_17dpi.JPG, 52.296285, 7.409991, 1.000000
ago1-27_CPB_#8_1dbi.JPG, 55.360586, 4.261851, 1.000000
ago1-27_CPB_#8_1dpi.JPG, 54.520215, 4.971423, 1.000000
ago1-27_CPB_#8_3dpi.JPG, 53.619888, 6.134689, 1.000000
ago1-27_CPB_#8_5dpi.JPG, 54.206638, 6.330701, 1.000000
ago1-27_CPB_#8_7dpi.JPG, 53.444974, 6.255708, 1.000000
ago1-27_CPB_#8_9dpi.JPG, 54.749687, 5.929159, 1.000000
ago1-27_M_#1_11dpi.JPG, 54.507134, 6.110849, 1.000000
ago1-27_M_#1_13dpi.JPG, 53.051604, 5.615673, 1.000000
ago1-27_M_#1_15dpi.JPG, 53.874005, 5.361650, 1.000000
ago1-27_M_#1_17dpi.JPG, 53.386308, 5.283248, 1.000000
ago1-27_M_#1_1dbi.JPG, 53.602656, 5.686849, 1.000000
ago1-27_M_#1_1dpi.JPG, 53.199736, 6.138798, 1.000000
ago1-27_M_#1_3dpi.JPG, 53.302252, 6.528884, 1.000000
ago1-27_M_#1_5dpi.JPG, 53.897477, 6.728997, 1.000000
ago1-27_M_#1_7dpi.JPG, 54.403497, 6.773221, 1.000000
ago1-27_M_#1_9dpi.JPG, 54.260508, 6.392034, 1.000000
ago1-27_M_#3_11dpi.JPG, 55.624616, 5.451016, 1.000000
ago1-27_M_#3_13dpi.JPG, 54.191986, 5.369840, 1.000000
ago1-27_M_#3_15dpi.JPG, 53.612806, 5.777906, 1.000000
ago1-27_M_#3_17dpi.JPG, 53.131063, 6.091536, 1.000000
ago1-27_M_#3_1dbi.JPG, 53.212936, 6.475852, 1.000000
ago1-27_M_#3_1dpi.JPG, 52.913679, 7.172253, 1.000000
ago1-27_M_#3_3dpi.JPG, 52.518593, 6.409180, 1.000000
ago1-27_M_#3_5dpi.JPG, 53.497150, 6.192500, 1.000000
ago1-27_M_#3_7dpi.JPG, 53.690063, 6.063392, 1.000000
ago1-27_M_#3_9dpi.JPG, 55.162248, 5.828893, 1.000000
ago1-27_M_#4_11dpi.JPG, 55.211593, 4.983634, 1.000000
ago1-27_M_#4_13dpi.JPG, 53.127615, 5.184700, 1.000000
ago1-27_M_#4_15dpi.JPG, 52.562001, 4.648750, 1.000000
ago1-27_M_#4_17dpi.JPG, 53.069342, 4.339846, 1.000000
ago1-27_M_#4_1dbi.JPG, 52.686159, 6.070932, 1.000000
ago1-27_M_#4_1dpi.JPG, 52.929582, 5.872113, 1.000000
ago1-27_M_#4_3dpi.JPG, 52.940540, 5.037114, 1.000000
ago1-27_M_#4_5dpi.JPG, 53.994530, 5.213769, 1.000000
ago1-27_M_#4_7dpi.JPG, 55.052518, 4.891162, 1.000000
ago1-27_M_#4_9dpi.JPG, 54.831029, 5.068281, 1.000000
ago1-27_M_#5_11dpi.JPG, 53.221412, 5.233222, 1.000000
ago1-27_M_#5_13dpi.JPG, 55.733571, 5.827394, 1.000000
ago1-27_M_#5_15dpi.JPG, 53.003702, 5.128719, 1.000000
ago1-27_M_#5_17dpi.JPG, 52.711603, 6.225019, 1.000000
ago1-27_M_#5_1dbi.JPG, 54.921398, 4.473976, 1.000000
ago1-27_M_#5_1dpi.JPG, 54.646434, 5.212300, 1.000000
ago1-27_M_#5_3dpi.JPG, 53.134386, 6.991995, 1.000000
ago1-27_M_#5_5dpi.JPG, 52.720200, 8.054568, 1.000000
ago1-27_M_#5_7dpi.JPG, 52.437365, 7.737594, 1.000000
ago1-27_M_#5_9dpi.JPG, 54.061931, 5.770465, 1.000000
ago1-27_wt_#1_11dpi.JPG, 46.744858, 10.547319, 1.000000
ago1-27_wt_#1_13dpi.JPG, 42.479301, 10.785463, 1.000000
ago1-27_wt_#1_15dpi.JPG, 48.671794, 41.379727, 1.000000
ago1-27_wt_#1_17dpi.JPG, 35.317347, 11.508350, 1.000000
ago1-27_wt_#1_1dbi.JPG, 53.464421, 7.406803, 1.000000
ago1-27_wt_#1_1dpi.JPG, 53.495945, 7.207343, 1.000000
ago1-27_wt_#1_3dpi.JPG, 53.347816, 7.502488, 1.000000
ago1-27_wt_#1_5dpi.JPG, 52.640871, 8.165989, 1.000000
ago1-27_wt_#1_7dpi.JPG, 51.132515, 9.463056, 1.000000
ago1-27_wt_#1_9dpi.JPG, 49.635076, 10.456522, 1.000000
ago1-27_wt_#2_11dpi.JPG, 42.067092, 11.100119, 1.000000
ago1-27_wt_#2_13dpi.JPG, 39.553814, 11.625618, 1.000000
ago1-27_wt_#2_15dpi.JPG, 36.694425, 12.107722, 1.000000
ago1-27_wt_#2_17dpi.JPG, 35.469848, 12.980471, 1.000000
ago1-27_wt_#2_1dbi.JPG, 51.261068, 7.479045, 1.000000
ago1-27_wt_#2_1dpi.JPG, 51.844010, 7.742915, 1.000000
ago1-27_wt_#2_3dpi.JPG, 52.089220, 8.127985, 1.000000
ago1-27_wt_#2_5dpi.JPG, 51.175634, 8.371557, 1.000000
ago1-27_wt_#2_7dpi.JPG, 49.262318, 8.541993, 1.000000
ago1-27_wt_#2_9dpi.JPG, 45.357834, 10.089932, 1.000000
ago1-27_wt_#3_11dpi.JPG, 42.342508, 11.200398, 1.000000
ago1-27_wt_#3_13dpi.JPG, 38.250457, 10.921385, 1.000000
ago1-27_wt_#3_15dpi.JPG, 35.022514, 11.193021, 1.000000
ago1-27_wt_#3_17dpi.JPG, 33.809368, 11.339680, 1.000000
ago1-27_wt_#3_1dbi.JPG, 51.938338, 8.979455, 1.000000
ago1-27_wt_#3_1dpi.JPG, 52.388030, 9.502038, 1.000000
ago1-27_wt_#3_3dpi.JPG, 52.888728, 7.683504, 1.000000
ago1-27_wt_#3_5dpi.JPG, 52.268764, 8.467598, 1.000000
ago1-27_wt_#3_7dpi.JPG, 50.495435, 8.863990, 1.000000
ago1-27_wt_#3_9dpi.JPG, 46.657041, 10.449120, 1.000000
ago1-27_wt_#4_11dpi.JPG, 44.191871, 11.515231, 1.000000
ago1-27_wt_#4_13dpi.JPG, 41.537043, 12.137097, 1.000000
ago1-27_wt_#4_15dpi.JPG, 38.493882, 12.330079, 1.000000
ago1-27_wt_#4_17dpi.JPG, 37.101538, 12.520970, 1.000000
ago1-27_wt_#4_1dbi.JPG, 52.603998, 6.485967, 1.000000
ago1-27_wt_#4_1dpi.JPG, 53.498374, 6.701886, 1.000000
ago1-27_wt_#4_3dpi.JPG, 52.952620, 6.248783, 1.000000
ago1-27_wt_#4_5dpi.JPG, 52.769414, 6.305943, 1.000000
ago1-27_wt_#4_7dpi.JPG, 52.154436, 7.616957, 1.000000
ago1-27_wt_#4_9dpi.JPG, 46.657351, 10.859685, 1.000000
ago2-1_CPB_#1_11dpi.JPG, 43.897511, 11.003586, 1.000000
ago2-1_CPB_#1_13dpi.JPG, 40.082817, 12.958511, 1.000000
ago2-1_CPB_#1_15dpi.JPG, 32.312448, 14.443962, 1.000000
ago2-1_CPB_#1_17dpi.JPG, 28.158514, 16.051006, 1.000000
ago2-1_CPB_#1_1dbi.JPG, 51.017685, 3.683804, 1.000000
ago2-1_CPB_#1_1dpi.JPG, 51.824423, 3.921426, 1.000000
ago2-1_CPB_#1_3dpi.JPG, 51.163968, 3.677887, 1.000000
ago2-1_CPB_#1_5dpi.JPG, 50.680916, 3.730345, 1.000000
ago2-1_CPB_#1_7dpi.JPG, 50.333226, 4.392312, 1.000000
ago2-1_CPB_#1_9dpi.JPG, 47.393497, 7.782093, 1.000000
ago2-1_CPB_#2_11dpi.JPG, 45.842558, 9.673888, 1.000000
ago2-1_CPB_#2_13dpi.JPG, 40.150924, 12.150952, 1.000000
ago2-1_CPB_#2_15dpi.JPG, 32.825814, 13.703664, 1.000000
ago2-1_CPB_#2_17dpi.JPG, 28.136408, 13.111486, 1.000000
ago2-1_CPB_#2_1dbi.JPG, 51.083041, 3.700942, 1.000000
ago2-1_CPB_#2_1dpi.JPG, 51.465429, 3.855632, 1.000000
ago2-1_CPB_#2_3dpi.JPG, 50.926955, 3.622235, 1.000000
ago2-1_CPB_#2_5dpi.JPG, 50.523721, 3.345359, 1.000000
ago2-1_CPB_#2_7dpi.JPG, 50.519886, 3.944855, 1.000000
ago2-1_CPB_#2_9dpi.JPG, 49.176261, 6.516111, 1.000000
ago2-1_CPB_#3_11dpi.JPG, 48.007358, 7.718503, 1.000000
ago2-1_CPB_#3_13dpi.JPG, 45.956466, 9.848489, 1.000000
ago2-1_CPB_#3_15dpi.JPG, 37.972815, 12.421742, 1.000000
ago2-1_CPB_#3_17dpi.JPG, 33.430692, 13.060274, 1.000000
ago2-1_CPB_#3_1dbi.JPG, 50.756660, 3.816015, 1.000000
ago2-1_CPB_#3_1dpi.JPG, 50.908902, 3.805915, 1.000000
ago2-1_CPB_#3_3dpi.JPG, 50.394665, 3.789429, 1.000000
ago2-1_CPB_#3_5dpi.JPG, 50.569980, 3.646248, 1.000000
ago2-1_CPB_#3_7dpi.JPG, 51.137830, 3.779997, 1.000000
ago2-1_CPB_#3_9dpi.JPG, 50.226567, 5.319280, 1.000000
ago2-1_CPB_#4_11dpi.JPG, 43.647868, 10.816984, 1.000000
ago2-1_CPB_#4_13dpi.JPG, 38.381121, 12.367816, 1.000000
ago2-1_CPB_#4_15dpi.JPG, 30.937282, 13.188889, 1.000000
ago2-1_CPB_#4_17dpi.JPG, 27.144914, 12.445330, 1.000000
ago2-1_CPB_#4_1dbi.JPG, 51.041035, 3.865096, 1.000000
ago2-1_CPB_#4_1dpi.JPG, 51.372638, 3.925481, 1.000000
ago2-1_CPB_#4_3dpi.JPG, 51.576841, 3.882210, 1.000000
ago2-1_CPB_#4_5dpi.JPG, 50.877804, 3.964748, 1.000000
ago2-1_CPB_#4_7dpi.JPG, 50.638677, 4.761484, 1.000000
ago2-1_CPB_#4_9dpi.JPG, 47.410118, 8.101945, 1.000000
ago2-1_M_#1_11dpi.JPG, 50.589926, 2.855702, 1.000000
ago2-1_M_#1_13dpi.JPG, 50.837587, 2.488891, 1.000000
ago2-1_M_#1_15dpi.JPG, 50.940479, 2.800657, 1.000000
ago2-1_M_#1_17dpi.JPG, 50.667143, 2.895050, 1.000000
ago2-1_M_#1_1dbi.JPG, 51.525293, 3.927065, 1.000000
ago2-1_M_#1_1dpi.JPG, 51.259509, 4.125114, 1.000000
ago2-1_M_#1_3dpi.JPG, 50.825083, 3.816242, 1.000000
ago2-1_M_#1_5dpi.JPG, 50.101266, 3.957948, 1.000000
ago2-1_M_#1_7dpi.JPG, 50.194574, 3.587247, 1.000000
ago2-1_M_#1_9dpi.JPG, 50.399325, 3.162745, 1.000000
ago2-1_M_#2_11dpi.JPG, 49.665552, 4.033565, 1.000000
ago2-1_M_#2_13dpi.JPG, 49.585247, 3.314648, 1.000000
ago2-1_M_#2_15dpi.JPG, 49.312094, 2.778835, 1.000000
ago2-1_M_#2_17dpi.JPG, 48.602655, 3.425338, 1.000000
ago2-1_M_#2_1dbi.JPG, 50.998460, 4.369624, 1.000000
ago2-1_M_#2_1dpi.JPG, 50.642509, 4.699562, 1.000000
ago2-1_M_#2_3dpi.JPG, 49.691959, 5.004157, 1.000000
ago2-1_M_#2_5dpi.JPG, 49.697000, 5.284752, 1.000000
ago2-1_M_#2_7dpi.JPG, 49.844876, 4.633635, 1.000000
ago2-1_M_#2_9dpi.JPG, 49.620155, 4.590210, 1.000000
ago2-1_M_#3_11dpi.JPG, 50.689655, 3.136225, 1.000000
ago2-1_M_#3_13dpi.JPG, 50.010790, 3.087308, 1.000000
ago2-1_M_#3_15dpi.JPG, 50.411244, 3.065356, 1.000000
ago2-1_M_#3_17dpi.JPG, 48.996409, 4.393468, 1.000000
ago2-1_M_#3_1dbi.JPG, 51.907643, 4.548894, 1.000000
ago2-1_M_#3_1dpi.JPG, 51.223423, 4.751824, 1.000000
ago2-1_M_#3_3dpi.JPG, 50.821282, 4.609628, 1.000000
ago2-1_M_#3_5dpi.JPG, 49.515606, 4.604667, 1.000000
ago2-1_M_#3_7dpi.JPG, 49.880813, 4.195449, 1.000000
ago2-1_M_#3_9dpi.JPG, 49.977204, 3.451754, 1.000000
ago2-1_M_#4_11dpi.JPG, 49.875330, 3.576597, 1.000000
ago2-1_M_#4_13dpi.JPG, 49.249259, 3.035057, 1.000000
ago2-1_M_#4_15dpi.JPG, 49.658658, 2.953480, 1.000000
ago2-1_M_#4_17dpi.JPG, 49.119197, 2.905389, 1.000000
ago2-1_M_#4_1dbi.JPG, 52.702247, 4.923622, 1.000000
ago2-1_M_#4_1dpi.JPG, 51.447880, 5.193546, 1.000000
ago2-1_M_#4_3dpi.JPG, 51.163715, 4.903685, 1.000000
ago2-1_M_#4_5dpi.JPG, 49.757631, 4.814657, 1.000000
ago2-1_M_#4_7dpi.JPG, 50.385604, 4.056353, 1.000000
ago2-1_M_#4_9dpi.JPG, 50.218405, 3.232345, 1.000000
ago2-1_wt_#1_11dpi.JPG, 39.542015, 12.946467, 1.000000
ago2-1_wt_#1_13dpi.JPG, 35.697764, 13.219425, 1.000000
ago2-1_wt_#1_15dpi.JPG, 29.008608, 12.356945, 1.000000
ago2-1_wt_#1_17dpi.JPG, 25.203205, 13.312112, 1.000000
ago2-1_wt_#1_1dbi.JPG, 51.396469, 3.845863, 1.000000
ago2-1_wt_#1_1dpi.JPG, 51.881547, 4.038245, 1.000000
ago2-1_wt_#1_3dpi.JPG, 51.163769, 4.649081, 1.000000
ago2-1_wt_#1_5dpi.JPG, 49.855401, 5.209758, 1.000000
ago2-1_wt_#1_7dpi.JPG, 48.500097, 6.633090, 1.000000
ago2-1_wt_#1_9dpi.JPG, 43.229015, 10.398371, 1.000000
ago2-1_wt_#2_11dpi.JPG, 40.007579, 11.876200, 1.000000
ago2-1_wt_#2_13dpi.JPG, 36.489678, 13.036669, 1.000000
ago2-1_wt_#2_15dpi.JPG, 30.307057, 12.386342, 1.000000
ago2-1_wt_#2_17dpi.JPG, 25.730241, 11.177182, 1.000000
ago2-1_wt_#2_1dbi.JPG, 50.420184, 3.532716, 1.000000
ago2-1_wt_#2_1dpi.JPG, 50.513000, 3.639612, 1.000000
ago2-1_wt_#2_3dpi.JPG, 49.914044, 3.504120, 1.000000
ago2-1_wt_#2_5dpi.JPG, 49.327735, 3.661058, 1.000000
ago2-1_wt_#2_7dpi.JPG, 48.057711, 5.700025, 1.000000
ago2-1_wt_#2_9dpi.JPG, 43.445907, 9.796484, 1.000000
ago2-1_wt_#3_11dpi.JPG, 38.532136, 12.127355, 1.000000
ago2-1_wt_#3_13dpi.JPG, 35.069317, 13.453867, 1.000000
ago2-1_wt_#3_15dpi.JPG, 27.781120, 12.502818, 1.000000
ago2-1_wt_#3_17dpi.JPG, 24.692004, 12.700632, 1.000000
ago2-1_wt_#3_1dbi.JPG, 51.126817, 3.688490, 1.000000
ago2-1_wt_#3_1dpi.JPG, 51.137192, 3.868796, 1.000000
ago2-1_wt_#3_3dpi.JPG, 50.653081, 4.417838, 1.000000
ago2-1_wt_#3_5dpi.JPG, 50.333122, 5.133863, 1.000000
ago2-1_wt_#3_7dpi.JPG, 48.218201, 7.137955, 1.000000
ago2-1_wt_#3_9dpi.JPG, 42.769758, 10.709193, 1.000000
ago2-1_wt_#4_11dpi.JPG, 41.812647, 11.964713, 1.000000
ago2-1_wt_#4_13dpi.JPG, 37.346927, 12.680092, 1.000000
ago2-1_wt_#4_15dpi.JPG, 27.380074, 11.498593, 1.000000
ago2-1_wt_#4_17dpi.JPG, 23.277554, 11.374328, 1.000000
ago2-1_wt_#4_1dbi.JPG, 50.930647, 3.588503, 1.000000
ago2-1_wt_#4_1dpi.JPG, 51.569618, 3.884809, 1.000000
ago2-1_wt_#4_3dpi.JPG, 50.988052, 4.133789, 1.000000
ago2-1_wt_#4_5dpi.JPG, 50.894624, 4.839738, 1.000000
ago2-1_wt_#4_7dpi.JPG, 49.518190, 6.747590, 1.000000
ago2-1_wt_#4_9dpi.JPG, 45.383648, 10.035403, 1.000000
ago3-2_CPB_#5_11dpi.JPG, 46.900220, 6.201117, 1.000000
ago3-2_CPB_#5_13dpi.JPG, 45.141830, 7.109972, 1.000000
ago3-2_CPB_#5_15dpi.JPG, 43.245925, 7.820289, 1.000000
ago3-2_CPB_#5_17dpi.JPG, 37.831251, 10.427092, 1.000000
ago3-2_CPB_#5_1dbi.JPG, 51.168165, 4.603953, 1.000000
ago3-2_CPB_#5_1dpi.JPG, 51.566989, 4.936990, 1.000000
ago3-2_CPB_#5_3dpi.JPG, 50.509984, 4.671831, 1.000000
ago3-2_CPB_#5_5dpi.JPG, 50.313585, 4.660646, 1.000000
ago3-2_CPB_#5_7dpi.JPG, 50.000156, 4.862993, 1.000000
ago3-2_CPB_#5_9dpi.JPG, 49.466415, 5.320355, 1.000000
ago3-2_CPB_#6_11dpi.JPG, 53.291074, 4.530071, 1.000000
ago3-2_CPB_#6_13dpi.JPG, 53.585133, 4.655123, 1.000000
ago3-2_CPB_#6_15dpi.JPG, 53.359792, 4.850022, 1.000000
ago3-2_CPB_#6_17dpi.JPG, 52.056112, 4.735556, 1.000000
ago3-2_CPB_#6_1dbi.JPG, 52.393764, 4.323341, 1.000000
ago3-2_CPB_#6_1dpi.JPG, 52.419980, 4.348379, 1.000000
ago3-2_CPB_#6_3dpi.JPG, 53.021249, 4.680396, 1.000000
ago3-2_CPB_#6_5dpi.JPG, 52.181904, 5.185096, 1.000000
ago3-2_CPB_#6_7dpi.JPG, 51.752569, 5.458797, 1.000000
ago3-2_CPB_#6_9dpi.JPG, 53.383150, 5.006213, 1.000000
ago3-2_CPB_#7_11dpi.JPG, 52.599702, 7.550508, 1.000000
ago3-2_CPB_#7_13dpi.JPG, 51.971908, 7.680448, 1.000000
ago3-2_CPB_#7_15dpi.JPG, 52.886337, 8.012511, 1.000000
ago3-2_CPB_#7_17dpi.JPG, 51.867994, 9.151010, 1.000000
ago3-2_CPB_#7_1dbi.JPG, 50.749864, 5.286011, 1.000000
ago3-2_CPB_#7_1dpi.JPG, 49.706456, 6.676951, 1.000000
ago3-2_CPB_#7_3dpi.JPG, 50.666351, 7.045131, 1.000000
ago3-2_CPB_#7_5dpi.JPG, 48.646028, 9.530118, 1.000000
ago3-2_CPB_#7_7dpi.JPG, 48.989620, 9.928066, 1.000000
ago3-2_CPB_#7_9dpi.JPG, 51.414144, 8.459306, 1.000000
ago3-2_CPB_#8_11dpi.JPG, 52.792773, 3.675455, 1.000000
ago3-2_CPB_#8_13dpi.JPG, 53.103055, 3.870735, 1.000000
ago3-2_CPB_#8_15dpi.JPG, 53.219133, 4.032261, 1.000000
ago3-2_CPB_#8_17dpi.JPG, 52.766600, 5.211183, 1.000000
ago3-2_CPB_#8_1dbi.JPG, 50.380117, 3.923746, 1.000000
ago3-2_CPB_#8_1dpi.JPG, 49.826027, 4.766207, 1.000000
ago3-2_CPB_#8_3dpi.JPG, 52.096353, 4.687926, 1.000000
ago3-2_CPB_#8_5dpi.JPG, 51.940332, 5.372875, 1.000000
ago3-2_CPB_#8_7dpi.JPG, 51.092250, 5.114446, 1.000000
ago3-2_CPB_#8_9dpi.JPG, 52.238752, 4.273069, 1.000000
ago3-2_M_#1_11dpi.JPG, 50.314385, 3.396295, 1.000000
ago3-2_M_#1_13dpi.JPG, 50.725451, 3.523713, 1.000000
ago3-2_M_#1_15dpi.JPG, 50.705621, 3.499725, 1.000000
ago3-2_M_#1_17dpi.JPG, 50.630302, 3.870721, 1.000000
ago3-2_M_#1_1dbi.JPG, 51.290593, 4.599477, 1.000000
ago3-2_M_#1_1dpi.JPG, 50.901994, 5.476987, 1.000000
ago3-2_M_#1_3dpi.JPG, 50.600125, 5.121439, 1.000000
ago3-2_M_#1_5dpi.JPG, 49.481544, 4.565058, 1.000000
ago3-2_M_#1_7dpi.JPG, 49.895485, 4.298490, 1.000000
ago3-2_M_#1_9dpi.JPG, 50.695874, 3.790774, 1.000000
ago3-2_M_#5_11dpi.JPG, 49.497008, 4.613654, 1.000000
ago3-2_M_#5_13dpi.JPG, 49.343284, 4.831447, 1.000000
ago3-2_M_#5_15dpi.JPG, 48.800569, 5.662840, 1.000000
ago3-2_M_#5_17dpi.JPG, 45.138837, 7.052777, 1.000000
ago3-2_M_#5_1dbi.JPG, 51.345550, 5.120832, 1.000000
ago3-2_M_#5_1dpi.JPG, 51.388329, 5.234912, 1.000000
ago3-2_M_#5_3dpi.JPG, 50.958431, 5.397961, 1.000000
ago3-2_M_#5_5dpi.JPG, 50.389830, 4.787533, 1.000000
ago3-2_M_#5_7dpi.JPG, 50.143404, 4.567273, 1.000000
ago3-2_M_#5_9dpi.JPG, 50.138150, 4.662121, 1.000000
ago3-2_M_#7_11dpi.JPG, 51.813834, 4.460874, 1.000000
ago3-2_M_#7_13dpi.JPG, 54.001036, 5.174729, 1.000000
ago3-2_M_#7_15dpi.JPG, 52.535689, 4.159734, 1.000000
ago3-2_M_#7_17dpi.JPG, 50.332272, 5.463652, 1.000000
ago3-2_M_#7_1dbi.JPG, 51.070596, 3.795545, 1.000000
ago3-2_M_#7_1dpi.JPG, 50.625374, 4.760093, 1.000000
ago3-2_M_#7_3dpi.JPG, 52.278061, 5.370940, 1.000000
ago3-2_M_#7_5dpi.JPG, 51.363720, 6.804497, 1.000000
ago3-2_M_#7_7dpi.JPG, 51.507813, 6.893788, 1.000000
ago3-2_M_#7_9dpi.JPG, 52.323149, 5.542377, 1.000000
ago3-2_M_#8_11dpi.JPG, 52.634611, 6.104417, 1.000000
ago3-2_M_#8_13dpi.JPG, 54.620686, 5.796198, 1.000000
ago3-2_M_#8_15dpi.JPG, 51.979716, 4.743177, 1.000000
ago3-2_M_#8_17dpi.JPG, 49.391785, 6.288531, 1.000000
ago3-2_M_#8_1dbi.JPG, 51.236071, 4.441957, 1.000000
ago3-2_M_#8_1dpi.JPG, 50.159641, 6.208981, 1.000000
ago3-2_M_#8_3dpi.JPG, 51.886259, 5.743984, 1.000000
ago3-2_M_#8_5dpi.JPG, 49.272137, 8.708932, 1.000000
ago3-2_M_#8_7dpi.JPG, 50.468988, 8.469723, 1.000000
ago3-2_M_#8_9dpi.JPG, 52.689781, 8.355964, 1.000000
ago3-2_wt_#1_11dpi.JPG, 47.366066, 6.433477, 1.000000
ago3-2_wt_#1_13dpi.JPG, 43.004670, 8.454185, 1.000000
ago3-2_wt_#1_15dpi.JPG, 41.872363, 8.982357, 1.000000
ago3-2_wt_#1_17dpi.JPG, 40.052285, 9.921693, 1.000000
ago3-2_wt_#1_1dbi.JPG, 53.654994, 5.649046, 1.000000
ago3-2_wt_#1_1dpi.JPG, 52.185364, 6.019026, 1.000000
ago3-2_wt_#1_3dpi.JPG, 52.326989, 5.818095, 1.000000
ago3-2_wt_#1_5dpi.JPG, 51.203107, 5.840983, 1.000000
ago3-2_wt_#1_7dpi.JPG, 50.742412, 5.606856, 1.000000
ago3-2_wt_#1_9dpi.JPG, 49.254260, 5.914851, 1.000000
ago3-2_wt_#2_11dpi.JPG, 46.105299, 5.831529, 1.000000
ago3-2_wt_#2_13dpi.JPG, 40.371161, 8.605447, 1.000000
ago3-2_wt_#2_15dpi.JPG, 37.706327, 9.347271, 1.000000
ago3-2_wt_#2_17dpi.JPG, 32.865405, 10.715012, 1.000000
ago3-2_wt_#2_1dbi.JPG, 51.152560, 4.613436, 1.000000
ago3-2_wt_#2_1dpi.JPG, 50.487340, 4.402496, 1.000000
ago3-2_wt_#2_3dpi.JPG, 50.492434, 4.391155, 1.000000
ago3-2_wt_#2_5dpi.JPG, 49.470525, 4.972278, 1.000000
ago3-2_wt_#2_7dpi.JPG, 49.076671, 4.903972, 1.000000
ago3-2_wt_#2_9dpi.JPG, 48.141948, 5.556945, 1.000000
ago3-2_wt_#3_11dpi.JPG, 42.572219, 6.779169, 1.000000
ago3-2_wt_#3_13dpi.JPG, 38.680316, 7.691000, 1.000000
ago3-2_wt_#3_15dpi.JPG, 37.506366, 8.283408, 1.000000
ago3-2_wt_#3_17dpi.JPG, 34.503665, 9.475346, 1.000000
ago3-2_wt_#3_1dbi.JPG, 50.185871, 4.250403, 1.000000
ago3-2_wt_#3_1dpi.JPG, 49.819889, 4.608734, 1.000000
ago3-2_wt_#3_3dpi.JPG, 50.102119, 4.776258, 1.000000
ago3-2_wt_#3_5dpi.JPG, 47.574647, 5.125928, 1.000000
ago3-2_wt_#3_7dpi.JPG, 47.305116, 5.198844, 1.000000
ago3-2_wt_#3_9dpi.JPG, 45.632120, 5.663283, 1.000000
ago3-2_wt_#4_11dpi.JPG, 45.956760, 6.524243, 1.000000
ago3-2_wt_#4_13dpi.JPG, 42.145395, 7.985943, 1.000000
ago3-2_wt_#4_15dpi.JPG, 40.276283, 8.844461, 1.000000
ago3-2_wt_#4_17dpi.JPG, 35.102268, 10.912330, 1.000000
ago3-2_wt_#4_1dbi.JPG, 50.046038, 4.468841, 1.000000
ago3-2_wt_#4_1dpi.JPG, 50.222131, 4.614058, 1.000000
ago3-2_wt_#4_3dpi.JPG, 50.097760, 4.500375, 1.000000
ago3-2_wt_#4_5dpi.JPG, 48.795900, 4.496524, 1.000000
ago3-2_wt_#4_7dpi.JPG, 48.535720, 4.777235, 1.000000
ago3-2_wt_#4_9dpi.JPG, 47.557847, 5.268772, 1.000000
ago4_CPB_#1_11dpi.JPG, 50.781629, 3.314220, 1.000000
ago4_CPB_#1_13dpi.JPG, 50.521801, 2.981307, 1.000000
ago4_CPB_#1_15dpi.JPG, 50.575570, 3.003585, 1.000000
ago4_CPB_#1_17dpi.JPG, 50.721096, 2.788861, 1.000000
ago4_CPB_#1_1dbi.JPG, 50.371252, 4.308312, 1.000000
ago4_CPB_#1_1dpi.JPG, 50.870929, 4.454582, 1.000000
ago4_CPB_#1_3dpi.JPG, 50.688577, 4.290795, 1.000000
ago4_CPB_#1_5dpi.JPG, 50.510320, 4.946153, 1.000000
ago4_CPB_#1_7dpi.JPG, 50.654865, 5.006358, 1.000000
ago4_CPB_#1_9dpi.JPG, 50.402563, 4.419998, 1.000000
ago4_CPB_#2_11dpi.JPG, 50.346710, 3.498754, 1.000000
ago4_CPB_#2_13dpi.JPG, 50.340254, 3.047983, 1.000000
ago4_CPB_#2_15dpi.JPG, 50.826986, 2.880889, 1.000000
ago4_CPB_#2_17dpi.JPG, 51.400673, 2.873574, 1.000000
ago4_CPB_#2_1dbi.JPG, 50.937951, 5.277287, 1.000000
ago4_CPB_#2_1dpi.JPG, 51.082430, 4.438884, 1.000000
ago4_CPB_#2_3dpi.JPG, 51.516396, 4.979363, 1.000000
ago4_CPB_#2_5dpi.JPG, 51.212228, 4.802504, 1.000000
ago4_CPB_#2_7dpi.JPG, 50.388817, 4.666060, 1.000000
ago4_CPB_#2_9dpi.JPG, 50.862551, 4.190568, 1.000000
ago4_CPB_#3_11dpi.JPG, 50.262587, 3.612902, 1.000000
ago4_CPB_#3_13dpi.JPG, 50.654184, 3.251559, 1.000000
ago4_CPB_#3_15dpi.JPG, 50.787695, 2.725004, 1.000000
ago4_CPB_#3_17dpi.JPG, 51.130356, 3.440571, 1.000000
ago4_CPB_#3_1dbi.JPG, 50.961986, 3.950233, 1.000000
ago4_CPB_#3_1dpi.JPG, 50.720125, 3.923340, 1.000000
ago4_CPB_#3_3dpi.JPG, 51.318357, 4.171565, 1.000000
ago4_CPB_#3_5dpi.JPG, 50.382175, 4.392809, 1.000000
ago4_CPB_#3_7dpi.JPG, 50.026987, 4.300527, 1.000000
ago4_CPB_#3_9dpi.JPG, 50.345046, 3.816310, 1.000000
ago4_CPB_#4_11dpi.JPG, 50.964162, 3.237659, 1.000000
ago4_CPB_#4_13dpi.JPG, 50.483381, 2.977660, 1.000000
ago4_CPB_#4_15dpi.JPG, 51.182615, 3.175485, 1.000000
ago4_CPB_#4_17dpi.JPG, 51.014189, 4.422249, 1.000000
ago4_CPB_#4_1dbi.JPG, 50.902578, 4.228013, 1.000000
ago4_CPB_#4_1dpi.JPG, 50.555862, 4.313617, 1.000000
ago4_CPB_#4_3dpi.JPG, 50.885852, 4.238345, 1.000000
ago4_CPB_#4_5dpi.JPG, 50.741145, 4.349316, 1.000000
ago4_CPB_#4_7dpi.JPG, 50.118558, 4.354346, 1.000000
ago4_CPB_#4_9dpi.JPG, 50.887163, 3.642338, 1.000000
ago4_M_#1_11dpi.JPG, 50.528144, 3.110830, 1.000000
ago4_M_#1_13dpi.JPG, 51.393879, 2.952314, 1.000000
ago4_M_#1_15dpi.JPG, 51.019478, 3.220004, 1.000000
ago4_M_#1_17dpi.JPG, 51.867172, 2.962002, 1.000000
ago4_M_#1_1dbi.JPG, 50.948782, 3.782498, 1.000000
ago4_M_#1_1dpi.JPG, 50.613603, 4.404711, 1.000000
ago4_M_#1_3dpi.JPG, 50.660187, 3.759683, 1.000000
ago4_M_#1_5dpi.JPG, 51.031146, 4.132277, 1.000000
ago4_M_#1_7dpi.JPG, 50.629208, 4.026952, 1.000000
ago4_M_#1_9dpi.JPG, 50.560084, 3.891061, 1.000000
ago4_M_#2_11dpi.JPG, 50.308488, 2.938395, 1.000000
ago4_M_#2_13dpi.JPG, 51.752220, 3.006385, 1.000000
ago4_M_#2_15dpi.JPG, 51.210317, 3.072447, 1.000000
ago4_M_#2_17dpi.JPG, 51.457789, 3.559774, 1.000000
ago4_M_#2_1dbi.JPG, 50.562598, 4.529181, 1.000000
ago4_M_#2_1dpi.JPG, 51.381437, 4.961210, 1.000000
ago4_M_#2_3dpi.JPG, 51.410184, 4.811001, 1.000000
ago4_M_#2_5dpi.JPG, 51.922432, 4.726893, 1.000000
ago4_M_#2_7dpi.JPG, 51.278895, 4.627194, 1.000000
ago4_M_#2_9dpi.JPG, 50.850324, 3.801129, 1.000000
ago4_M_#3_11dpi.JPG, 49.978124, 3.047819, 1.000000
ago4_M_#3_13dpi.JPG, 50.256012, 2.934518, 1.000000
ago4_M_#3_15dpi.JPG, 50.975251, 3.210905, 1.000000
ago4_M_#3_17dpi.JPG, 50.920652, 3.952613, 1.000000
ago4_M_#3_1dbi.JPG, 50.437247, 3.666871, 1.000000
ago4_M_#3_1dpi.JPG, 50.592552, 3.957284, 1.000000
ago4_M_#3_3dpi.JPG, 51.107342, 4.203030, 1.000000
ago4_M_#3_5dpi.JPG, 50.725018, 3.946237, 1.000000
ago4_M_#3_7dpi.JPG, 50.562161, 3.858206, 1.000000
ago4_M_#3_9dpi.JPG, 50.225576, 3.410837, 1.000000
ago4_M_#4_11dpi.JPG, 50.645601, 3.224522, 1.000000
ago4_M_#4_13dpi.JPG, 50.966743, 2.992979, 1.000000
ago4_M_#4_15dpi.JPG, 51.349455, 3.492992, 1.000000
ago4_M_#4_17dpi.JPG, 50.721799, 3.838816, 1.000000
ago4_M_#4_1dbi.JPG, 51.413521, 4.914761, 1.000000
ago4_M_#4_1dpi.JPG, 51.968178, 4.924441, 1.000000
ago4_M_#4_3dpi.JPG, 51.841679, 5.099930, 1.000000
ago4_M_#4_5dpi.JPG, 51.740164, 4.610150, 1.000000
ago4_M_#4_7dpi.JPG, 50.921739, 4.310794, 1.000000
ago4_M_#4_9dpi.JPG, 50.945037, 3.706448, 1.000000
ago4_wt_#1_11dpi.JPG, 47.703036, 6.848301, 1.000000
ago4_wt_#1_13dpi.JPG, 43.584749, 9.733521, 1.000000
ago4_wt_#1_15dpi.JPG, 39.802669, 10.959630, 1.000000
ago4_wt_#1_17dpi.JPG, 35.197666, 11.525879, 1.000000
ago4_wt_#1_1dbi.JPG, 49.990773, 4.345851, 1.000000
ago4_wt_#1_1dpi.JPG, 50.463962, 4.291592, 1.000000
ago4_wt_#1_3dpi.JPG, 50.536335, 4.724887, 1.000000
ago4_wt_#1_5dpi.JPG, 50.092153, 5.634347, 1.000000
ago4_wt_#1_7dpi.JPG, 49.610125, 5.510745, 1.000000
ago4_wt_#1_9dpi.JPG, 49.286136, 6.131642, 1.000000
ago4_wt_#2_11dpi.JPG, 47.374426, 6.592806, 1.000000
ago4_wt_#2_13dpi.JPG, 44.092625, 9.162450, 1.000000
ago4_wt_#2_15dpi.JPG, 40.322286, 10.458522, 1.000000
ago4_wt_#2_17dpi.JPG, 36.739184, 11.384052, 1.000000
ago4_wt_#2_1dbi.JPG, 51.589685, 3.765015, 1.000000
ago4_wt_#2_1dpi.JPG, 50.870012, 4.028395, 1.000000
ago4_wt_#2_3dpi.JPG, 50.835592, 4.456808, 1.000000
ago4_wt_#2_5dpi.JPG, 50.512523, 5.169746, 1.000000
ago4_wt_#2_7dpi.JPG, 49.201161, 5.562748, 1.000000
ago4_wt_#2_9dpi.JPG, 48.552634, 5.777960, 1.000000
ago4_wt_#3_11dpi.JPG, 47.124154, 7.324864, 1.000000
ago4_wt_#3_13dpi.JPG, 43.666720, 9.647656, 1.000000
ago4_wt_#3_15dpi.JPG, 40.682665, 11.144332, 1.000000
ago4_wt_#3_17dpi.JPG, 35.830624, 11.802706, 1.000000
ago4_wt_#3_1dbi.JPG, 51.112769, 3.883410, 1.000000
ago4_wt_#3_1dpi.JPG, 50.896682, 4.294892, 1.000000
ago4_wt_#3_3dpi.JPG, 51.163217, 5.059223, 1.000000
ago4_wt_#3_5dpi.JPG, 50.618329, 5.165263, 1.000000
ago4_wt_#3_7dpi.JPG, 49.277848, 5.223787, 1.000000
ago4_wt_#3_9dpi.JPG, 48.828535, 6.337573, 1.000000
ago4_wt_#4_11dpi.JPG, 47.498277, 7.244926, 1.000000
ago4_wt_#4_13dpi.JPG, 44.149960, 9.154563, 1.000000
ago4_wt_#4_15dpi.JPG, 40.428652, 10.420195, 1.000000
ago4_wt_#4_17dpi.JPG, 35.968641, 11.301817, 1.000000
ago4_wt_#4_1dbi.JPG, 50.375666, 4.393320, 1.000000
ago4_wt_#4_1dpi.JPG, 50.831013, 4.674356, 1.000000
ago4_wt_#4_3dpi.JPG, 51.212174, 5.140555, 1.000000
ago4_wt_#4_5dpi.JPG, 50.549504, 5.620148, 1.000000
ago4_wt_#4_7dpi.JPG, 49.808025, 5.927634, 1.000000
ago4_wt_#4_9dpi.JPG, 48.945945, 6.411247, 1.000000
ago5-2_CPB_#4_11dpi.JPG, 51.348278, 4.360993, 1.000000
ago5-2_CPB_#4_13dpi.JPG, 50.553206, 4.051076, 1.000000
ago5-2_CPB_#4_15dpi.JPG, 50.841668, 3.374628, 1.000000
ago5-2_CPB_#4_17dpi.JPG, 50.466368, 3.212109, 1.000000
ago5-2_CPB_#4_1dbi.JPG, 53.468691, 4.948508, 1.000000
ago5-2_CPB_#4_1dpi.JPG, 53.419547, 7.051090, 1.000000
ago5-2_CPB_#4_3dpi.JPG, 52.713586, 6.198856, 1.000000
ago5-2_CPB_#4_5dpi.JPG, 51.668232, 5.596022, 1.000000
ago5-2_CPB_#4_7dpi.JPG, 51.057261, 5.096070, 1.000000
ago5-2_CPB_#4_9dpi.JPG, 52.111906, 4.703115, 1.000000
ago5-2_CPB_#5_11dpi.JPG, 52.225976, 4.666137, 1.000000
ago5-2_CPB_#5_13dpi.JPG, 51.624228, 4.261865, 1.000000
ago5-2_CPB_#5_15dpi.JPG, 52.368733, 3.626844, 1.000000
ago5-2_CPB_#5_17dpi.JPG, 51.998144, 3.615736, 1.000000
ago5-2_CPB_#5_1dbi.JPG, 51.035800, 4.703299, 1.000000
ago5-2_CPB_#5_1dpi.JPG, 51.804379, 3.996866, 1.000000
ago5-2_CPB_#5_3dpi.JPG, 51.232769, 4.995115, 1.000000
ago5-2_CPB_#5_5dpi.JPG, 51.455770, 5.436061, 1.000000
ago5-2_CPB_#5_7dpi.JPG, 51.717398, 5.427199, 1.000000
ago5-2_CPB_#5_9dpi.JPG, 52.387993, 5.015613, 1.000000
ago5-2_CPB_#6_11dpi.JPG, 52.210342, 3.610433, 1.000000
ago5-2_CPB_#6_13dpi.JPG, 52.146954, 3.845497, 1.000000
ago5-2_CPB_#6_15dpi.JPG, 51.829618, 3.895494, 1.000000
ago5-2_CPB_#6_17dpi.JPG, 51.813161, 4.310049, 1.000000
ago5-2_CPB_#6_1dbi.JPG, 51.382488, 3.901709, 1.000000
ago5-2_CPB_#6_1dpi.JPG, 51.717861, 3.712979, 1.000000
ago5-2_CPB_#6_3dpi.JPG, 50.648086, 4.381733, 1.000000
ago5-2_CPB_#6_5dpi.JPG, 50.779330, 4.442081, 1.000000
ago5-2_CPB_#6_7dpi.JPG, 50.739499, 4.002357, 1.000000
ago5-2_CPB_#6_9dpi.JPG, 51.721917, 3.993767, 1.000000
ago5-2_CPB_#7_11dpi.JPG, 52.697644, 5.980355, 1.000000
ago5-2_CPB_#7_13dpi.JPG, 52.628259, 5.140201, 1.000000
ago5-2_CPB_#7_15dpi.JPG, 53.349806, 3.605375, 1.000000
ago5-2_CPB_#7_17dpi.JPG, 52.351538, 3.386027, 1.000000
ago5-2_CPB_#7_1dbi.JPG, 51.509134, 3.205586, 1.000000
ago5-2_CPB_#7_1dpi.JPG, 52.159904, 3.543873, 1.000000
ago5-2_CPB_#7_3dpi.JPG, 50.529345, 5.376443, 1.000000
ago5-2_CPB_#7_5dpi.JPG, 50.180459, 7.480004, 1.000000
ago5-2_CPB_#7_7dpi.JPG, 50.490167, 7.866704, 1.000000
ago5-2_CPB_#7_9dpi.JPG, 52.519496, 6.754301, 1.000000
ago5-2_M_#1_11dpi.JPG, 50.555357, 2.746943, 1.000000
ago5-2_M_#1_13dpi.JPG, 49.648570, 2.792117, 1.000000
ago5-2_M_#1_15dpi.JPG, 49.825568, 2.772314, 1.000000
ago5-2_M_#1_17dpi.JPG, 49.774361, 2.999892, 1.000000
ago5-2_M_#1_1dbi.JPG, 50.869193, 4.362980, 1.000000
ago5-2_M_#1_1dpi.JPG, 50.218594, 4.646601, 1.000000
ago5-2_M_#1_3dpi.JPG, 49.935338, 4.486083, 1.000000
ago5-2_M_#1_5dpi.JPG, 49.773940, 4.123733, 1.000000
ago5-2_M_#1_7dpi.JPG, 50.073883, 3.916394, 1.000000
ago5-2_M_#1_9dpi.JPG, 50.561355, 3.464625, 1.000000
ago5-2_M_#3_11dpi.JPG, 50.465032, 3.202030, 1.000000
ago5-2_M_#3_13dpi.JPG, 49.610047, 3.338897, 1.000000
ago5-2_M_#3_15dpi.JPG, 49.382492, 3.210555, 1.000000
ago5-2_M_#3_17dpi.JPG, 48.115592, 5.413151, 1.000000
ago5-2_M_#3_1dbi.JPG, 51.597853, 4.915753, 1.000000
ago5-2_M_#3_1dpi.JPG, 52.082521, 4.890987, 1.000000
ago5-2_M_#3_3dpi.JPG, 51.423863, 5.183817, 1.000000
ago5-2_M_#3_5dpi.JPG, 51.285661, 4.822114, 1.000000
ago5-2_M_#3_7dpi.JPG, 50.462304, 4.633643, 1.000000
ago5-2_M_#3_9dpi.JPG, 50.281847, 3.606803, 1.000000
ago5-2_M_#5_11dpi.JPG, 53.548592, 4.165036, 1.000000
ago5-2_M_#5_13dpi.JPG, 53.125544, 3.444290, 1.000000
ago5-2_M_#5_15dpi.JPG, 53.251077, 3.565163, 1.000000
ago5-2_M_#5_17dpi.JPG, 52.896578, 3.894889, 1.000000
ago5-2_M_#5_1dbi.JPG, 51.427866, 3.582243, 1.000000
ago5-2_M_#5_1dpi.JPG, 51.868870, 3.897601, 1.000000
ago5-2_M_#5_3dpi.JPG, 50.506164, 4.669596, 1.000000
ago5-2_M_#5_5dpi.JPG, 51.577669, 4.860718, 1.000000
ago5-2_M_#5_7dpi.JPG, 52.456313, 4.879196, 1.000000
ago5-2_M_#5_9dpi.JPG, 52.743584, 4.250720, 1.000000
ago5-2_M_#7_11dpi.JPG, 50.999118, 4.752775, 1.000000
ago5-2_M_#7_13dpi.JPG, 51.094920, 4.701527, 1.000000
ago5-2_M_#7_15dpi.JPG, 51.814296, 5.002215, 1.000000
ago5-2_M_#7_17dpi.JPG, 51.915432, 4.457739, 1.000000
ago5-2_M_#7_1dbi.JPG, 49.510042, 3.668186, 1.000000
ago5-2_M_#7_1dpi.JPG, 49.854908, 3.920019, 1.000000
ago5-2_M_#7_3dpi.JPG, 48.863458, 4.488314, 1.000000
ago5-2_M_#7_5dpi.JPG, 49.316599, 4.992997, 1.000000
ago5-2_M_#7_7dpi.JPG, 49.890716, 5.437683, 1.000000
ago5-2_M_#7_9dpi.JPG, 50.155508, 5.563455, 1.000000
ago5-2_wt_#1_11dpi.JPG, 49.668325, 5.180873, 1.000000
ago5-2_wt_#1_13dpi.JPG, 47.342232, 6.886797, 1.000000
ago5-2_wt_#1_15dpi.JPG, 44.659263, 8.321523, 1.000000
ago5-2_wt_#1_17dpi.JPG, 41.572760, 8.885231, 1.000000
ago5-2_wt_#1_1dbi.JPG, 50.913865, 4.757980, 1.000000
ago5-2_wt_#1_1dpi.JPG, 51.306136, 4.859581, 1.000000
ago5-2_wt_#1_3dpi.JPG, 51.800655, 4.446804, 1.000000
ago5-2_wt_#1_5dpi.JPG, 51.285128, 4.454289, 1.000000
ago5-2_wt_#1_7dpi.JPG, 50.713036, 4.396796, 1.000000
ago5-2_wt_#1_9dpi.JPG, 50.219742, 4.695195, 1.000000
ago5-2_wt_#2_11dpi.JPG, 48.276841, 6.182655, 1.000000
ago5-2_wt_#2_13dpi.JPG, 45.512537, 7.640432, 1.000000
ago5-2_wt_#2_15dpi.JPG, 42.723118, 8.953391, 1.000000
ago5-2_wt_#2_17dpi.JPG, 39.715258, 10.086451, 1.000000
ago5-2_wt_#2_1dbi.JPG, 50.463895, 4.887684, 1.000000
ago5-2_wt_#2_1dpi.JPG, 50.399307, 4.764241, 1.000000
ago5-2_wt_#2_3dpi.JPG, 50.855968, 4.882784, 1.000000
ago5-2_wt_#2_5dpi.JPG, 50.252661, 4.891402, 1.000000
ago5-2_wt_#2_7dpi.JPG, 49.769411, 5.041744, 1.000000
ago5-2_wt_#2_9dpi.JPG, 49.383320, 5.405115, 1.000000
ago5-2_wt_#3_11dpi.JPG, 48.405281, 4.968901, 1.000000
ago5-2_wt_#3_13dpi.JPG, 46.700766, 6.734700, 1.000000
ago5-2_wt_#3_15dpi.JPG, 43.473364, 8.126893, 1.000000
ago5-2_wt_#3_17dpi.JPG, 40.670018, 8.944557, 1.000000
ago5-2_wt_#3_1dbi.JPG, 51.019386, 4.245866, 1.000000
ago5-2_wt_#3_1dpi.JPG, 50.802721, 4.374917, 1.000000
ago5-2_wt_#3_3dpi.JPG, 51.032300, 4.150985, 1.000000
ago5-2_wt_#3_5dpi.JPG, 50.872591, 4.196242, 1.000000
ago5-2_wt_#3_7dpi.JPG, 49.417803, 4.386539, 1.000000
ago5-2_wt_#3_9dpi.JPG, 49.087626, 4.390236, 1.000000
ago5-2_wt_#4_11dpi.JPG, 48.861778, 5.408196, 1.000000
ago5-2_wt_#4_13dpi.JPG, 46.176892, 6.790620, 1.000000
ago5-2_wt_#4_15dpi.JPG, 42.748606, 8.537710, 1.000000
ago5-2_wt_#4_17dpi.JPG, 39.479458, 9.017980, 1.000000
ago5-2_wt_#4_1dbi.JPG, 51.234336, 4.694704, 1.000000
ago5-2_wt_#4_1dpi.JPG, 51.035942, 4.477328, 1.000000
ago5-2_wt_#4_3dpi.JPG, 51.194842, 4.790487, 1.000000
ago5-2_wt_#4_5dpi.JPG, 51.303117, 4.746124, 1.000000
ago5-2_wt_#4_7dpi.JPG, 50.228239, 4.523794, 1.000000
ago5-2_wt_#4_9dpi.JPG, 49.074550, 4.558218, 1.000000
ago6-3_CPB_#3_11dpi.JPG, 51.143372, 4.213642, 1.000000
ago6-3_CPB_#3_13dpi.JPG, 51.431220, 3.962619, 1.000000
ago6-3_CPB_#3_15dpi.JPG, 50.544034, 4.151746, 1.000000
ago6-3_CPB_#3_17dpi.JPG, 50.465404, 4.987561, 1.000000
ago6-3_CPB_#3_1dbi.JPG, 51.744572, 5.627958, 1.000000
ago6-3_CPB_#3_1dpi.JPG, 52.164917, 5.103063, 1.000000
ago6-3_CPB_#3_3dpi.JPG, 52.517515, 5.336948, 1.000000
ago6-3_CPB_#3_5dpi.JPG, 51.852849, 5.131957, 1.000000
ago6-3_CPB_#3_7dpi.JPG, 50.592020, 5.213051, 1.000000
ago6-3_CPB_#3_9dpi.JPG, 50.028150, 4.492086, 1.000000
ago6-3_CPB_#4_11dpi.JPG, 50.538554, 4.116542, 1.000000
ago6-3_CPB_#4_13dpi.JPG, 50.415737, 4.209465, 1.000000
ago6-3_CPB_#4_15dpi.JPG, 50.522782, 3.663135, 1.000000
ago6-3_CPB_#4_17dpi.JPG, 50.300010, 4.199075, 1.000000
ago6-3_CPB_#4_1dbi.JPG, 51.109436, 5.968679, 1.000000
ago6-3_CPB_#4_1dpi.JPG, 51.382042, 5.903276, 1.000000
ago6-3_CPB_#4_3dpi.JPG, 51.670789, 5.479153, 1.000000
ago6-3_CPB_#4_5dpi.JPG, 51.326455, 5.142523, 1.000000
ago6-3_CPB_#4_7dpi.JPG, 50.617299, 4.710903, 1.000000
ago6-3_CPB_#4_9dpi.JPG, 51.058749, 4.604672, 1.000000
ago6-3_CPB_#5_11dpi.JPG, 52.539621, 5.919339, 1.000000
ago6-3_CPB_#5_13dpi.JPG, 52.670027, 6.898204, 1.000000
ago6-3_CPB_#5_15dpi.JPG, 52.778489, 10.581077, 1.000000
ago6-3_CPB_#5_17dpi.JPG, 52.453343, 10.191560, 1.000000
ago6-3_CPB_#5_1dbi.JPG, 50.326665, 4.349082, 1.000000
ago6-3_CPB_#5_1dpi.JPG, 50.361763, 4.681086, 1.000000
ago6-3_CPB_#5_3dpi.JPG, 50.700676, 6.615776, 1.000000
ago6-3_CPB_#5_5dpi.JPG, 50.716859, 7.157599, 1.000000
ago6-3_CPB_#5_7dpi.JPG, 50.472216, 6.467473, 1.000000
ago6-3_CPB_#5_9dpi.JPG, 51.852528, 6.383227, 1.000000
ago6-3_CPB_#8_11dpi.JPG, 52.103941, 5.438036, 1.000000
ago6-3_CPB_#8_13dpi.JPG, 51.646334, 7.492231, 1.000000
ago6-3_CPB_#8_15dpi.JPG, 51.503373, 8.760326, 1.000000
ago6-3_CPB_#8_17dpi.JPG, 51.469092, 9.474466, 1.000000
ago6-3_CPB_#8_1dbi.JPG, 50.321784, 4.449642, 1.000000
ago6-3_CPB_#8_1dpi.JPG, 50.411208, 4.496961, 1.000000
ago6-3_CPB_#8_3dpi.JPG, 51.288977, 5.185937, 1.000000
ago6-3_CPB_#8_5dpi.JPG, 50.801748, 5.890120, 1.000000
ago6-3_CPB_#8_7dpi.JPG, 50.871301, 5.555310, 1.000000
ago6-3_CPB_#8_9dpi.JPG, 52.396029, 5.237084, 1.000000
ago6-3_M_#1_11dpi.JPG, 49.856480, 3.430822, 1.000000
ago6-3_M_#1_13dpi.JPG, 49.288508, 3.548862, 1.000000
ago6-3_M_#1_15dpi.JPG, 49.395962, 3.302729, 1.000000
ago6-3_M_#1_17dpi.JPG, 49.562243, 3.449790, 1.000000
ago6-3_M_#1_1dbi.JPG, 50.537230, 4.535807, 1.000000
ago6-3_M_#1_1dpi.JPG, 50.767599, 5.039339, 1.000000
ago6-3_M_#1_3dpi.JPG, 50.823934, 5.049105, 1.000000
ago6-3_M_#1_5dpi.JPG, 50.292548, 4.843364, 1.000000
ago6-3_M_#1_7dpi.JPG, 50.012227, 4.075726, 1.000000
ago6-3_M_#1_9dpi.JPG, 50.239874, 3.868495, 1.000000
ago6-3_M_#3_11dpi.JPG, 49.941579, 3.424322, 1.000000
ago6-3_M_#3_13dpi.JPG, 49.695141, 3.341764, 1.000000
ago6-3_M_#3_15dpi.JPG, 50.096256, 3.152503, 1.000000
ago6-3_M_#3_17dpi.JPG, 49.792995, 3.839805, 1.000000
ago6-3_M_#3_1dbi.JPG, 52.767215, 4.478046, 1.000000
ago6-3_M_#3_1dpi.JPG, 52.364519, 4.848364, 1.000000
ago6-3_M_#3_3dpi.JPG, 52.122656, 4.916653, 1.000000
ago6-3_M_#3_5dpi.JPG, 50.323289, 4.484787, 1.000000
ago6-3_M_#3_7dpi.JPG, 50.608222, 4.163092, 1.000000
ago6-3_M_#3_9dpi.JPG, 50.528548, 3.494695, 1.000000
ago6-3_M_#5_11dpi.JPG, 52.675533, 3.909640, 1.000000
ago6-3_M_#5_13dpi.JPG, 54.774527, 5.593568, 1.000000
ago6-3_M_#5_15dpi.JPG, 53.397827, 4.878840, 1.000000
ago6-3_M_#5_17dpi.JPG, 52.280107, 5.186932, 1.000000
ago6-3_M_#5_1dbi.JPG, 51.593606, 4.554670, 1.000000
ago6-3_M_#5_1dpi.JPG, 51.758789, 4.570524, 1.000000
ago6-3_M_#5_3dpi.JPG, 53.144076, 6.076607, 1.000000
ago6-3_M_#5_5dpi.JPG, 51.714348, 6.774323, 1.000000
ago6-3_M_#5_7dpi.JPG, 51.665106, 6.783413, 1.000000
ago6-3_M_#5_9dpi.JPG, 53.320357, 4.914653, 1.000000
ago6-3_M_#6_11dpi.JPG, 52.562811, 3.470102, 1.000000
ago6-3_M_#6_13dpi.JPG, 54.159662, 5.089539, 1.000000
ago6-3_M_#6_15dpi.JPG, 53.327949, 3.784929, 1.000000
ago6-3_M_#6_17dpi.JPG, 51.543999, 4.200993, 1.000000
ago6-3_M_#6_1dbi.JPG, 51.641630, 4.749309, 1.000000
ago6-3_M_#6_1dpi.JPG, 51.872186, 4.663423, 1.000000
ago6-3_M_#6_3dpi.JPG, 52.038450, 5.248862, 1.000000
ago6-3_M_#6_5dpi.JPG, 52.767599, 5.460257, 1.000000
ago6-3_M_#6_7dpi.JPG, 53.438598, 4.988265, 1.000000
ago6-3_M_#6_9dpi.JPG, 53.370000, 4.297076, 1.000000
ago6-3_wt_#1_11dpi.JPG, 48.141152, 7.001475, 1.000000
ago6-3_wt_#1_13dpi.JPG, 43.189463, 9.254614, 1.000000
ago6-3_wt_#1_15dpi.JPG, 41.405530, 10.333266, 1.000000
ago6-3_wt_#1_17dpi.JPG, 38.939545, 10.848891, 1.000000
ago6-3_wt_#1_1dbi.JPG, 51.706876, 5.689410, 1.000000
ago6-3_wt_#1_1dpi.JPG, 51.023276, 5.436989, 1.000000
ago6-3_wt_#1_3dpi.JPG, 51.173392, 5.269487, 1.000000
ago6-3_wt_#1_5dpi.JPG, 51.018144, 5.652665, 1.000000
ago6-3_wt_#1_7dpi.JPG, 49.959708, 5.616231, 1.000000
ago6-3_wt_#1_9dpi.JPG, 48.778350, 6.368030, 1.000000
ago6-3_wt_#2_11dpi.JPG, 47.614029, 7.453108, 1.000000
ago6-3_wt_#2_13dpi.JPG, 44.209800, 8.869619, 1.000000
ago6-3_wt_#2_15dpi.JPG, 42.071774, 9.566679, 1.000000
ago6-3_wt_#2_17dpi.JPG, 38.271511, 9.712906, 1.000000
ago6-3_wt_#2_1dbi.JPG, 51.382160, 5.502119, 1.000000
ago6-3_wt_#2_1dpi.JPG, 51.018908, 5.789915, 1.000000
ago6-3_wt_#2_3dpi.JPG, 51.973159, 5.600876, 1.000000
ago6-3_wt_#2_5dpi.JPG, 51.362973, 5.950963, 1.000000
ago6-3_wt_#2_7dpi.JPG, 50.061777, 6.083339, 1.000000
ago6-3_wt_#2_9dpi.JPG, 48.804395, 6.332211, 1.000000
ago6-3_wt_#3_11dpi.JPG, 48.415817, 5.888030, 1.000000
ago6-3_wt_#3_13dpi.JPG, 46.138732, 7.553684, 1.000000
ago6-3_wt_#3_15dpi.JPG, 43.426547, 8.155021, 1.000000
ago6-3_wt_#3_17dpi.JPG, 40.292759, 9.489375, 1.000000
ago6-3_wt_#3_1dbi.JPG, 51.149057, 4.964865, 1.000000
ago6-3_wt_#3_1dpi.JPG, 50.669109, 5.229940, 1.000000
ago6-3_wt_#3_3dpi.JPG, 51.168856, 5.176057, 1.000000
ago6-3_wt_#3_5dpi.JPG, 50.690577, 4.928374, 1.000000
ago6-3_wt_#3_7dpi.JPG, 50.090952, 5.079842, 1.000000
ago6-3_wt_#3_9dpi.JPG, 48.901934, 5.236213, 1.000000
ago6-3_wt_#4_11dpi.JPG, 47.286598, 7.288683, 1.000000
ago6-3_wt_#4_13dpi.JPG, 44.906225, 7.536312, 1.000000
ago6-3_wt_#4_15dpi.JPG, 43.335499, 8.273890, 1.000000
ago6-3_wt_#4_17dpi.JPG, 40.882572, 9.029118, 1.000000
ago6-3_wt_#4_1dbi.JPG, 50.961766, 5.331374, 1.000000
ago6-3_wt_#4_1dpi.JPG, 50.513058, 6.139817, 1.000000
ago6-3_wt_#4_3dpi.JPG, 51.569196, 5.926539, 1.000000
ago6-3_wt_#4_5dpi.JPG, 50.881938, 5.515721, 1.000000
ago6-3_wt_#4_7dpi.JPG, 50.019735, 5.573081, 1.000000
ago6-3_wt_#4_9dpi.JPG, 48.559334, 6.384023, 1.000000
ago8_CPB_#1_11dpi.JPG, 49.332331, 3.312216, 1.000000
ago8_CPB_#1_13dpi.JPG, 49.646502, 3.126151, 1.000000
ago8_CPB_#1_15dpi.JPG, 49.714958, 2.748952, 1.000000
ago8_CPB_#1_17dpi.JPG, 50.343002, 2.714898, 1.000000
ago8_CPB_#1_1dbi.JPG, 49.993211, 4.754627, 1.000000
ago8_CPB_#1_1dpi.JPG, 49.899139, 5.041365, 1.000000
ago8_CPB_#1_3dpi.JPG, 50.269832, 5.294512, 1.000000
ago8_CPB_#1_5dpi.JPG, 50.277576, 4.602812, 1.000000
ago8_CPB_#1_7dpi.JPG, 49.832909, 4.910695, 1.000000
ago8_CPB_#1_9dpi.JPG, 49.601810, 4.017510, 1.000000
ago8_CPB_#2_11dpi.JPG, 49.778741, 2.897443, 1.000000
ago8_CPB_#2_13dpi.JPG, 50.254571, 2.726576, 1.000000
ago8_CPB_#2_15dpi.JPG, 50.277017, 2.780298, 1.000000
ago8_CPB_#2_17dpi.JPG, 51.050465, 3.045763, 1.000000
ago8_CPB_#2_1dbi.JPG, 50.649392, 4.016339, 1.000000
ago8_CPB_#2_1dpi.JPG, 50.749117, 4.289409, 1.000000
ago8_CPB_#2_3dpi.JPG, 51.079996, 4.669645, 1.000000
ago8_CPB_#2_5dpi.JPG, 50.530960, 4.491303, 1.000000
ago8_CPB_#2_7dpi.JPG, 49.979290, 4.249724, 1.000000
ago8_CPB_#2_9dpi.JPG, 50.230119, 3.676869, 1.000000
ago8_CPB_#3_11dpi.JPG, 50.512324, 3.365291, 1.000000
ago8_CPB_#3_13dpi.JPG, 50.532058, 3.209848, 1.000000
ago8_CPB_#3_15dpi.JPG, 50.343988, 3.297080, 1.000000
ago8_CPB_#3_17dpi.JPG, 50.375374, 3.334937, 1.000000
ago8_CPB_#3_1dbi.JPG, 49.329281, 4.335121, 1.000000
ago8_CPB_#3_1dpi.JPG, 49.153825, 4.028104, 1.000000
ago8_CPB_#3_3dpi.JPG, 50.252109, 4.092928, 1.000000
ago8_CPB_#3_5dpi.JPG, 49.524680, 4.395685, 1.000000
ago8_CPB_#3_7dpi.JPG, 50.129518, 4.671206, 1.000000
ago8_CPB_#3_9dpi.JPG, 50.556044, 4.233761, 1.000000
ago8_CPB_#4_11dpi.JPG, 50.051100, 3.709395, 1.000000
ago8_CPB_#4_13dpi.JPG, 50.675353, 2.855619, 1.000000
ago8_CPB_#4_15dpi.JPG, 50.273703, 3.033881, 1.000000
ago8_CPB_#4_17dpi.JPG, 50.534073, 2.878333, 1.000000
ago8_CPB_#4_1dbi.JPG, 50.532779, 4.457443, 1.000000
ago8_CPB_#4_1dpi.JPG, 50.386582, 4.575561, 1.000000
ago8_CPB_#4_3dpi.JPG, 50.914488, 4.992025, 1.000000
ago8_CPB_#4_5dpi.JPG, 50.729199, 4.896970, 1.000000
ago8_CPB_#4_7dpi.JPG, 50.836136, 4.685881, 1.000000
ago8_CPB_#4_9dpi.JPG, 50.046522, 4.481449, 1.000000
ago8_M_#1_11dpi.JPG, 49.261828, 3.110768, 1.000000
ago8_M_#1_13dpi.JPG, 50.064628, 3.420144, 1.000000
ago8_M_#1_15dpi.JPG, 50.607221, 3.596649, 1.000000
ago8_M_#1_17dpi.JPG, 50.685515, 3.434060, 1.000000
ago8_M_#1_1dbi.JPG, 50.202551, 4.208513, 1.000000
ago8_M_#1_1dpi.JPG, 50.039751, 4.569825, 1.000000
ago8_M_#1_3dpi.JPG, 50.441517, 4.515811, 1.000000
ago8_M_#1_5dpi.JPG, 50.720916, 4.909327, 1.000000
ago8_M_#1_7dpi.JPG, 49.787661, 4.040315, 1.000000
ago8_M_#1_9dpi.JPG, 49.641342, 3.613964, 1.000000
ago8_M_#2_11dpi.JPG, 49.764034, 3.610607, 1.000000
ago8_M_#2_13dpi.JPG, 50.483788, 3.429448, 1.000000
ago8_M_#2_15dpi.JPG, 50.485411, 3.510887, 1.000000
ago8_M_#2_17dpi.JPG, 50.405650, 4.041420, 1.000000
ago8_M_#2_1dbi.JPG, 50.610379, 4.252174, 1.000000
ago8_M_#2_1dpi.JPG, 50.352134, 5.015857, 1.000000
ago8_M_#2_3dpi.JPG, 50.850291, 4.753555, 1.000000
ago8_M_#2_5dpi.JPG, 51.446850, 4.528488, 1.000000
ago8_M_#2_7dpi.JPG, 51.161498, 4.369406, 1.000000
ago8_M_#2_9dpi.JPG, 50.396474, 4.137087, 1.000000
ago8_M_#3_11dpi.JPG, 49.378462, 3.133813, 1.000000
ago8_M_#3_13dpi.JPG, 50.035575, 2.792230, 1.000000
ago8_M_#3_15dpi.JPG, 50.499751, 2.751978, 1.000000
ago8_M_#3_17dpi.JPG, 50.582621, 3.203136, 1.000000
ago8_M_#3_1dbi.JPG, 49.834460, 3.805835, 1.000000
ago8_M_#3_1dpi.JPG, 49.718565, 4.421778, 1.000000
ago8_M_#3_3dpi.JPG, 50.239392, 4.900743, 1.000000
ago8_M_#3_5dpi.JPG, 50.584932, 5.377122, 1.000000
ago8_M_#3_7dpi.JPG, 49.894939, 4.344807, 1.000000
ago8_M_#3_9dpi.JPG, 49.750815, 4.076709, 1.000000
ago8_M_#4_11dpi.JPG, 49.836591, 3.319150, 1.000000
ago8_M_#4_13dpi.JPG, 50.357850, 2.549008, 1.000000
ago8_M_#4_15dpi.JPG, 50.833341, 2.691422, 1.000000
ago8_M_#4_17dpi.JPG, 50.832512, 2.733530, 1.000000
ago8_M_#4_1dbi.JPG, 50.747983, 4.383483, 1.000000
ago8_M_#4_1dpi.JPG, 50.310124, 4.642821, 1.000000
ago8_M_#4_3dpi.JPG, 51.009573, 4.504852, 1.000000
ago8_M_#4_5dpi.JPG, 51.179926, 4.350728, 1.000000
ago8_M_#4_7dpi.JPG, 50.459628, 3.945215, 1.000000
ago8_M_#4_9dpi.JPG, 50.377079, 3.678990, 1.000000
ago8_wt_#1_11dpi.JPG, 47.764787, 6.578591, 1.000000
ago8_wt_#1_13dpi.JPG, 44.155627, 9.247537, 1.000000
ago8_wt_#1_15dpi.JPG, 42.311305, 10.035894, 1.000000
ago8_wt_#1_17dpi.JPG, 40.067396, 10.614102, 1.000000
ago8_wt_#1_1dbi.JPG, 49.418366, 6.008105, 1.000000
ago8_wt_#1_1dpi.JPG, 49.449573, 6.042058, 1.000000
ago8_wt_#1_3dpi.JPG, 50.562127, 4.488305, 1.000000
ago8_wt_#1_5dpi.JPG, 50.838665, 4.603507, 1.000000
ago8_wt_#1_7dpi.JPG, 49.559629, 5.241989, 1.000000
ago8_wt_#1_9dpi.JPG, 48.925867, 5.831635, 1.000000
ago8_wt_#2_11dpi.JPG, 48.041590, 6.273977, 1.000000
ago8_wt_#2_13dpi.JPG, 44.774546, 7.307185, 1.000000
ago8_wt_#2_15dpi.JPG, 42.320969, 8.642675, 1.000000
ago8_wt_#2_17dpi.JPG, 39.768034, 10.319042, 1.000000
ago8_wt_#2_1dbi.JPG, 51.057847, 4.834946, 1.000000
ago8_wt_#2_1dpi.JPG, 50.973333, 4.989345, 1.000000
ago8_wt_#2_3dpi.JPG, 50.476273, 5.142406, 1.000000
ago8_wt_#2_5dpi.JPG, 50.321095, 5.264315, 1.000000
ago8_wt_#2_7dpi.JPG, 50.113012, 5.589607, 1.000000
ago8_wt_#2_9dpi.JPG, 48.865834, 5.923082, 1.000000
ago8_wt_#3_11dpi.JPG, 47.275296, 6.317416, 1.000000
ago8_wt_#3_13dpi.JPG, 43.795258, 7.908285, 1.000000
ago8_wt_#3_15dpi.JPG, 41.317582, 9.125968, 1.000000
ago8_wt_#3_17dpi.JPG, 38.540052, 9.975002, 1.000000
ago8_wt_#3_1dbi.JPG, 50.615323, 3.888410, 1.000000
ago8_wt_#3_1dpi.JPG, 50.383917, 4.089148, 1.000000
ago8_wt_#3_3dpi.JPG, 50.683211, 4.673000, 1.000000
ago8_wt_#3_5dpi.JPG, 50.362991, 5.155849, 1.000000
ago8_wt_#3_7dpi.JPG, 49.588239, 5.242211, 1.000000
ago8_wt_#3_9dpi.JPG, 48.968513, 5.798779, 1.000000
ago8_wt_#4_11dpi.JPG, 48.009844, 6.190802, 1.000000
ago8_wt_#4_13dpi.JPG, 43.938517, 8.534301, 1.000000
ago8_wt_#4_15dpi.JPG, 40.595958, 10.673603, 1.000000
ago8_wt_#4_17dpi.JPG, 37.291109, 13.196857, 1.000000
ago8_wt_#4_1dbi.JPG, 50.777051, 4.938826, 1.000000
ago8_wt_#4_1dpi.JPG, 50.534237, 5.135953, 1.000000
ago8_wt_#4_3dpi.JPG, 50.740128, 5.046621, 1.000000
ago8_wt_#4_5dpi.JPG, 50.673290, 5.286030, 1.000000
ago8_wt_#4_7dpi.JPG, 49.633361, 5.472488, 1.000000
ago8_wt_#4_9dpi.JPG, 48.891387, 5.856243, 1.000000
ago9-5_CPB_#3_11dpi.JPG, 50.144010, 2.902600, 1.000000
ago9-5_CPB_#3_13dpi.JPG, 50.104959, 2.543801, 1.000000
ago9-5_CPB_#3_15dpi.JPG, 50.627448, 2.708661, 1.000000
ago9-5_CPB_#3_17dpi.JPG, 50.594011, 2.967671, 1.000000
ago9-5_CPB_#3_1dbi.JPG, 50.813240, 6.001459, 1.000000
ago9-5_CPB_#3_1dpi.JPG, 51.355673, 4.607693, 1.000000
ago9-5_CPB_#3_3dpi.JPG, 51.610858, 4.312725, 1.000000
ago9-5_CPB_#3_5dpi.JPG, 51.259528, 4.445189, 1.000000
ago9-5_CPB_#3_7dpi.JPG, 50.348617, 4.026941, 1.000000
ago9-5_CPB_#3_9dpi.JPG, 50.213071, 3.653136, 1.000000
ago9-5_CPB_#5_11dpi.JPG, 52.613044, 3.691006, 1.000000
ago9-5_CPB_#5_13dpi.JPG, 52.570451, 3.576411, 1.000000
ago9-5_CPB_#5_15dpi.JPG, 53.643028, 3.739141, 1.000000
ago9-5_CPB_#5_17dpi.JPG, 53.556139, 4.364315, 1.000000
ago9-5_CPB_#5_1dbi.JPG, 51.070075, 3.428494, 1.000000
ago9-5_CPB_#5_1dpi.JPG, 51.115802, 3.741971, 1.000000
ago9-5_CPB_#5_3dpi.JPG, 50.528848, 4.743586, 1.000000
ago9-5_CPB_#5_5dpi.JPG, 50.796117, 5.017887, 1.000000
ago9-5_CPB_#5_7dpi.JPG, 51.186298, 4.330423, 1.000000
ago9-5_CPB_#5_9dpi.JPG, 51.474106, 3.913479, 1.000000
ago9-5_CPB_#6_11dpi.JPG, 52.322378, 3.327753, 1.000000
ago9-5_CPB_#6_13dpi.JPG, 52.631505, 3.298572, 1.000000
ago9-5_CPB_#6_15dpi.JPG, 52.746139, 3.889971, 1.000000
ago9-5_CPB_#6_17dpi.JPG, 52.409758, 5.092480, 1.000000
ago9-5_CPB_#6_1dbi.JPG, 51.055078, 3.584873, 1.000000
ago9-5_CPB_#6_1dpi.JPG, 51.122175, 3.385883, 1.000000
ago9-5_CPB_#6_3dpi.JPG, 50.464353, 3.704686, 1.000000
ago9-5_CPB_#6_5dpi.JPG, 50.571472, 3.998483, 1.000000
ago9-5_CPB_#6_7dpi.JPG, 50.625467, 3.744412, 1.000000
ago9-5_CPB_#6_9dpi.JPG, 51.975820, 3.550079, 1.000000
ago9-5_CPB_#8_11dpi.JPG, 51.224072, 3.428882, 1.000000
ago9-5_CPB_#8_13dpi.JPG, 50.816419, 3.241280, 1.000000
ago9-5_CPB_#8_15dpi.JPG, 51.472801, 3.221389, 1.000000
ago9-5_CPB_#8_17dpi.JPG, 51.539441, 3.413727, 1.000000
ago9-5_CPB_#8_1dbi.JPG, 51.499853, 3.279139, 1.000000
ago9-5_CPB_#8_1dpi.JPG, 51.297232, 3.483507, 1.000000
ago9-5_CPB_#8_3dpi.JPG, 49.926596, 3.900575, 1.000000
ago9-5_CPB_#8_5dpi.JPG, 50.490682, 4.241395, 1.000000
ago9-5_CPB_#8_7dpi.JPG, 50.323884, 3.238609, 1.000000
ago9-5_CPB_#8_9dpi.JPG, 51.076278, 3.393252, 1.000000
ago9-5_M_#1_11dpi.JPG, 50.502311, 3.019978, 1.000000
ago9-5_M_#1_13dpi.JPG, 50.079186, 3.261754, 1.000000
ago9-5_M_#1_15dpi.JPG, 49.803350, 3.625201, 1.000000
ago9-5_M_#1_17dpi.JPG, 48.528576, 4.737614, 1.000000
ago9-5_M_#1_1dbi.JPG, 51.018295, 3.980569, 1.000000
ago9-5_M_#1_1dpi.JPG, 51.225131, 4.264437, 1.000000
ago9-5_M_#1_3dpi.JPG, 50.819098, 4.135248, 1.000000
ago9-5_M_#1_5dpi.JPG, 51.353427, 4.414183, 1.000000
ago9-5_M_#1_7dpi.JPG, 50.282570, 4.250802, 1.000000
ago9-5_M_#1_9dpi.JPG, 50.301575, 3.621673, 1.000000
ago9-5_M_#4_11dpi.JPG, 51.191671, 3.978047, 1.000000
ago9-5_M_#4_13dpi.JPG, 50.524164, 3.574332, 1.000000
ago9-5_M_#4_15dpi.JPG, 50.797782, 3.054442, 1.000000
ago9-5_M_#4_17dpi.JPG, 50.530839, 3.191568, 1.000000
ago9-5_M_#4_1dbi.JPG, 51.654640, 4.578626, 1.000000
ago9-5_M_#4_1dpi.JPG, 52.013286, 5.005842, 1.000000
ago9-5_M_#4_3dpi.JPG, 52.163153, 5.116872, 1.000000
ago9-5_M_#4_5dpi.JPG, 51.504862, 4.671711, 1.000000
ago9-5_M_#4_7dpi.JPG, 50.682666, 4.766208, 1.000000
ago9-5_M_#4_9dpi.JPG, 50.651484, 4.212010, 1.000000
ago9-5_M_#5_11dpi.JPG, 51.640519, 4.110298, 1.000000
ago9-5_M_#5_13dpi.JPG, 51.674006, 4.446549, 1.000000
ago9-5_M_#5_15dpi.JPG, 51.653761, 4.768600, 1.000000
ago9-5_M_#5_17dpi.JPG, 51.716350, 4.653873, 1.000000
ago9-5_M_#5_1dbi.JPG, 51.214000, 3.253748, 1.000000
ago9-5_M_#5_1dpi.JPG, 51.430938, 3.426686, 1.000000
ago9-5_M_#5_3dpi.JPG, 50.607467, 4.079948, 1.000000
ago9-5_M_#5_5dpi.JPG, 51.019821, 4.723094, 1.000000
ago9-5_M_#5_7dpi.JPG, 51.243577, 4.600534, 1.000000
ago9-5_M_#5_9dpi.JPG, 51.009386, 4.241771, 1.000000
ago9-5_M_#6_11dpi.JPG, 50.942548, 5.454686, 1.000000
ago9-5_M_#6_13dpi.JPG, 51.353780, 5.413231, 1.000000
ago9-5_M_#6_15dpi.JPG, 51.858649, 5.449784, 1.000000
ago9-5_M_#6_17dpi.JPG, 51.299160, 4.781478, 1.000000
ago9-5_M_#6_1dbi.JPG, 50.595369, 3.980395, 1.000000
ago9-5_M_#6_1dpi.JPG, 50.889508, 4.904028, 1.000000
ago9-5_M_#6_3dpi.JPG, 49.528596, 6.425638, 1.000000
ago9-5_M_#6_5dpi.JPG, 50.458122, 6.244434, 1.000000
ago9-5_M_#6_7dpi.JPG, 50.871686, 5.827055, 1.000000
ago9-5_M_#6_9dpi.JPG, 51.497719, 5.629055, 1.000000
ago9-5_wt_#1_11dpi.JPG, 47.819982, 6.570905, 1.000000
ago9-5_wt_#1_13dpi.JPG, 44.595144, 8.146361, 1.000000
ago9-5_wt_#1_15dpi.JPG, 42.196694, 8.961372, 1.000000
ago9-5_wt_#1_17dpi.JPG, 39.076340, 9.862315, 1.000000
ago9-5_wt_#1_1dbi.JPG, 50.657459, 4.374811, 1.000000
ago9-5_wt_#1_1dpi.JPG, 50.573396, 4.893717, 1.000000
ago9-5_wt_#1_3dpi.JPG, 50.925056, 4.154111, 1.000000
ago9-5_wt_#1_5dpi.JPG, 50.464654, 4.373563, 1.000000
ago9-5_wt_#1_7dpi.JPG, 49.414611, 4.589770, 1.000000
ago9-5_wt_#1_9dpi.JPG, 48.496359, 5.353647, 1.000000
ago9-5_wt_#2_11dpi.JPG, 47.389518, 6.527323, 1.000000
ago9-5_wt_#2_13dpi.JPG, 43.782289, 8.122669, 1.000000
ago9-5_wt_#2_15dpi.JPG, 40.867175, 9.104061, 1.000000
ago9-5_wt_#2_17dp.JPG, 37.518693, 9.873931, 1.000000
ago9-5_wt_#2_1dbi.JPG, 51.148807, 4.483126, 1.000000
ago9-5_wt_#2_1dpi.JPG, 50.859907, 4.418725, 1.000000
ago9-5_wt_#2_3dpi.JPG, 51.057854, 4.437234, 1.000000
ago9-5_wt_#2_5dpi.JPG, 50.379964, 4.512426, 1.000000
ago9-5_wt_#2_7dpi.JPG, 49.897240, 4.940005, 1.000000
ago9-5_wt_#2_9dpi.JPG, 48.425931, 5.584779, 1.000000
ago9-5_wt_#3_11dpi.JPG, 48.325452, 5.099387, 1.000000
ago9-5_wt_#3_13dpi.JPG, 44.647830, 6.741062, 1.000000
ago9-5_wt_#3_15dpi.JPG, 40.839270, 8.201936, 1.000000
ago9-5_wt_#3_17dpJPG.JPG, 37.161598, 8.966152, 1.000000
ago9-5_wt_#3_1dbi.JPG, 51.178648, 4.107188, 1.000000
ago9-5_wt_#3_1dpi.JPG, 50.890892, 4.038014, 1.000000
ago9-5_wt_#3_3dpi.JPG, 51.287119, 4.297917, 1.000000
ago9-5_wt_#3_5dpi.JPG, 50.732883, 4.430818, 1.000000
ago9-5_wt_#3_7dpi.JPG, 49.987863, 4.355026, 1.000000
ago9-5_wt_#3_9dpi.JPG, 49.039735, 4.483673, 1.000000
ago9-5_wt_#4_11dpi.JPG, 47.234270, 6.884616, 1.000000
ago9-5_wt_#4_13dpi.JPG, 44.201727, 8.574876, 1.000000
ago9-5_wt_#4_15dpi.JPG, 40.933666, 9.789156, 1.000000
ago9-5_wt_#4_17dpi.JPG, 37.129982, 10.236292, 1.000000
ago9-5_wt_#4_1dbi.JPG, 50.820731, 4.612767, 1.000000
ago9-5_wt_#4_1dpi.JPG, 51.291596, 4.793732, 1.000000
ago9-5_wt_#4_3dpi.JPG, 51.174410, 4.809937, 1.000000
ago9-5_wt_#4_5dpi.JPG, 50.646379, 5.216878, 1.000000
ago9-5_wt_#4_7dpi.JPG, 49.796496, 5.655328, 1.000000
ago9-5_wt_#4_9dpi.JPG, 48.706199, 6.065735, 1.000000
Col-0_CPB_#5_11dpi.JPG, 52.342353, 4.087038, 1.000000
Col-0_CPB_#5_13dpi.JPG, 51.958318, 3.795688, 1.000000
Col-0_CPB_#5_15dpi.JPG, 53.176801, 4.090541, 1.000000
Col-0_CPB_#5_17dpi.JPG, 52.715940, 3.908482, 1.000000
Col-0_CPB_#5_1dbi.JPG, 51.536553, 3.306650, 1.000000
Col-0_CPB_#5_1dpi.JPG, 51.781001, 3.427551, 1.000000
Col-0_CPB_#5_3dpi.JPG, 51.525228, 4.936604, 1.000000
Col-0_CPB_#5_5dpi.JPG, 51.754754, 5.024351, 1.000000
Col-0_CPB_#5_7dpi.JPG, 52.020878, 5.088833, 1.000000
Col-0_CPB_#5_9dpi.JPG, 52.364656, 4.716165, 1.000000
Col-0_CPB_#6_11dpi.JPG, 53.142575, 4.375103, 1.000000
Col-0_CPB_#6_13dpi.JPG, 52.561466, 4.939838, 1.000000
Col-0_CPB_#6_15dpi.JPG, 52.918961, 5.364572, 1.000000
Col-0_CPB_#6_17dpi.JPG, 51.432263, 7.315786, 1.000000
Col-0_CPB_#6_1dbi.JPG, 50.543980, 3.276128, 1.000000
Col-0_CPB_#6_1dpi.JPG, 50.859570, 3.762801, 1.000000
Col-0_CPB_#6_3dpi.JPG, 49.960735, 4.869517, 1.000000
Col-0_CPB_#6_5dpi.JPG, 50.433955, 6.273588, 1.000000
Col-0_CPB_#6_7dpi.JPG, 51.600015, 5.872423, 1.000000
Col-0_CPB_#6_9dpi.JPG, 53.165510, 4.832873, 1.000000
Col-0_CPB_#7_11dpi.JPG, 52.781689, 4.220934, 1.000000
Col-0_CPB_#7_13dpi.JPG, 52.024989, 4.079106, 1.000000
Col-0_CPB_#7_15dpi.JPG, 52.456996, 3.674569, 1.000000
Col-0_CPB_#7_17dpi.JPG, 51.960764, 3.600253, 1.000000
Col-0_CPB_#7_1dbi.JPG, 51.782534, 4.574690, 1.000000
Col-0_CPB_#7_1dpi.JPG, 52.274330, 4.138393, 1.000000
Col-0_CPB_#7_3dpi.JPG, 50.629020, 5.569113, 1.000000
Col-0_CPB_#7_5dpi.JPG, 51.159144, 5.608890, 1.000000
Col-0_CPB_#7_7dpi.JPG, 51.890507, 6.118091, 1.000000
Col-0_CPB_#7_9dpi.JPG, 52.793887, 4.897016, 1.000000
Col-0_CPB_#8_11dpi.JPG, 52.773370, 3.843975, 1.000000
Col-0_CPB_#8_13dpi.JPG, 52.610508, 3.378605, 1.000000
Col-0_CPB_#8_15dpi.JPG, 52.761646, 3.446177, 1.000000
Col-0_CPB_#8_17dpi.JPG, 52.619471, 4.161618, 1.000000
Col-0_CPB_#8_1dbi.JPG, 51.400476, 3.767729, 1.000000
Col-0_CPB_#8_1dpi.JPG, 51.995492, 4.091777, 1.000000
Col-0_CPB_#8_3dpi.JPG, 50.909834, 4.407957, 1.000000
Col-0_CPB_#8_5dpi.JPG, 51.222339, 4.421017, 1.000000
Col-0_CPB_#8_7dpi.JPG, 51.383108, 4.618452, 1.000000
Col-0_CPB_#8_9dpi.JPG, 52.187312, 4.287418, 1.000000
Col-0_M_#3_11dpi.JPG, 49.958074, 2.685532, 1.000000
Col-0_M_#3_13dpi.JPG, 49.657800, 2.529624, 1.000000
Col-0_M_#3_15dpi.JPG, 50.298029, 2.726490, 1.000000
Col-0_M_#3_17dpi.JPG, 49.658710, 3.052899, 1.000000
Col-0_M_#3_1dbi.JPG, 52.041724, 4.457041, 1.000000
Col-0_M_#3_1dpi.JPG, 51.985009, 4.792590, 1.000000
Col-0_M_#3_3dpi.JPG, 50.838926, 4.620444, 1.000000
Col-0_M_#3_5dpi.JPG, 50.446338, 4.267951, 1.000000
Col-0_M_#3_7dpi.JPG, 50.120390, 3.762319, 1.000000
Col-0_M_#3_9dpi.JPG, 50.294820, 3.358045, 1.000000
Col-0_M_#4_11dpi.JPG, 51.865708, 2.791594, 1.000000
Col-0_M_#4_13dpi.JPG, 51.101682, 2.545802, 1.000000
Col-0_M_#4_15dpi.JPG, 51.604706, 2.963723, 1.000000
Col-0_M_#4_17dpi.JPG, 51.448431, 3.376838, 1.000000
Col-0_M_#4_1dbi.JPG, 50.422292, 3.753877, 1.000000
Col-0_M_#4_1dpi.JPG, 51.395869, 4.343451, 1.000000
Col-0_M_#4_3dpi.JPG, 50.034972, 3.864242, 1.000000
Col-0_M_#4_5dpi.JPG, 50.462409, 3.443249, 1.000000
Col-0_M_#4_7dpi.JPG, 51.110521, 3.276472, 1.000000
Col-0_M_#4_9dpi.JPG, 51.537153, 2.833303, 1.000000
Col-0_M_#5_11dpi.JPG, 49.453854, 2.858830, 1.000000
Col-0_M_#5_13dpi.JPG, 49.225454, 2.664432, 1.000000
Col-0_M_#5_15dpi.JPG, 49.428578, 2.784910, 1.000000
Col-0_M_#5_17dpi.JPG, 49.296161, 3.017100, 1.000000
Col-0_M_#5_1dbi.JPG, 51.020615, 4.342924, 1.000000
Col-0_M_#5_1dpi.JPG, 50.767056, 4.388287, 1.000000
Col-0_M_#5_3dpi.JPG, 50.419964, 4.666712, 1.000000
Col-0_M_#5_5dpi.JPG, 50.459997, 4.089502, 1.000000
Col-0_M_#5_7dpi.JPG, 50.285551, 3.709907, 1.000000
Col-0_M_#5_9dpi.JPG, 49.328929, 3.067262, 1.000000
Col-0_M_#6_11dpi.JPG, 51.985441, 3.496401, 1.000000
Col-0_M_#6_13dpi.JPG, 51.226106, 4.006320, 1.000000
Col-0_M_#6_15dpi.JPG, 52.104243, 3.419517, 1.000000
Col-0_M_#6_17dpi.JPG, 51.670815, 4.669253, 1.000000
Col-0_M_#6_1dbi.JPG, 50.691580, 3.483336, 1.000000
Col-0_M_#6_1dpi.JPG, 50.775342, 3.300700, 1.000000
Col-0_M_#6_3dpi.JPG, 50.587729, 3.974789, 1.000000
Col-0_M_#6_5dpi.JPG, 51.483074, 4.035308, 1.000000
Col-0_M_#6_7dpi.JPG, 51.421066, 3.854502, 1.000000
Col-0_M_#6_9dpi.JPG, 51.535325, 3.860004, 1.000000
Col-0_wt_#1_11dpi.JPG, 45.559863, 7.340749, 1.000000
Col-0_wt_#1_13dpi.JPG, 42.482066, 8.289879, 1.000000
Col-0_wt_#1_15dpi.JPG, 39.941218, 10.598826, 1.000000
Col-0_wt_#1_17dpi.JPG, 38.417645, 11.333383, 1.000000
Col-0_wt_#1_1dbi.JPG, 50.433568, 4.061728, 1.000000
Col-0_wt_#1_1dpi.JPG, 51.432661, 4.393225, 1.000000
Col-0_wt_#1_3dpi.JPG, 50.176777, 4.695382, 1.000000
Col-0_wt_#1_5dpi.JPG, 48.723018, 4.744886, 1.000000
Col-0_wt_#1_7dpi.JPG, 48.787323, 5.817472, 1.000000
Col-0_wt_#1_9dpi.JPG, 47.423948, 6.622311, 1.000000
Col-0_wt_#2_11dpi.JPG, 47.185002, 7.307674, 1.000000
Col-0_wt_#2_13dpi.JPG, 45.226664, 8.027508, 1.000000
Col-0_wt_#2_15dpi.JPG, 41.731648, 10.066524, 1.000000
Col-0_wt_#2_17dpi.JPG, 37.195960, 11.324117, 1.000000
Col-0_wt_#2_1dbi.JPG, 51.547673, 5.675595, 1.000000
Col-0_wt_#2_1dpi.JPG, 52.264362, 5.412447, 1.000000
Col-0_wt_#2_3dpi.JPG, 52.156321, 4.557871, 1.000000
Col-0_wt_#2_5dpi.JPG, 50.930372, 5.197239, 1.000000
Col-0_wt_#2_7dpi.JPG, 49.916333, 5.533911, 1.000000
Col-0_wt_#2_9dpi.JPG, 48.950529, 6.770596, 1.000000
Col-0_wt_#3_11dpi.JPG, 46.198577, 7.982278, 1.000000
Col-0_wt_#3_13dpi.JPG, 42.930795, 8.896708, 1.000000
Col-0_wt_#3_15dpi.JPG, 38.923964, 10.730219, 1.000000
Col-0_wt_#3_17dpi.JPG, 35.608597, 11.347801, 1.000000
Col-0_wt_#3_1dbi.JPG, 51.158460, 3.578728, 1.000000
Col-0_wt_#3_1dpi.JPG, 51.876292, 3.692370, 1.000000
Col-0_wt_#3_3dpi.JPG, 50.927992, 3.756348, 1.000000
Col-0_wt_#3_5dpi.JPG, 50.853658, 3.756538, 1.000000
Col-0_wt_#3_7dpi.JPG, 49.919766, 4.678115, 1.000000
Col-0_wt_#3_9dpi.JPG, 48.849240, 6.563517, 1.000000
Col-0_wt_#4_11dpi.JPG, 45.067626, 8.914466, 1.000000
Col-0_wt_#4_13dpi.JPG, 42.214461, 10.075236, 1.000000
Col-0_wt_#4_15dpi.JPG, 38.190775, 12.280025, 1.000000
Col-0_wt_#4_17dpi.JPG, 35.737154, 14.641145, 1.000000
Col-0_wt_#4_1dbi.JPG, 52.106087, 4.269029, 1.000000
Col-0_wt_#4_1dpi.JPG, 52.766665, 4.474229, 1.000000
Col-0_wt_#4_3dpi.JPG, 51.008640, 5.172144, 1.000000
Col-0_wt_#4_5dpi.JPG, 49.625454, 5.729992, 1.000000
Col-0_wt_#4_7dpi.JPG, 48.797748, 6.502935, 1.000000
Col-0_wt_#4_9dpi.JPG, 47.248457, 7.838424, 1.000000
dcl234_CPB_#1_11dpi.JPG, 37.287481, 10.304775, 1.000000
dcl234_CPB_#1_13dpi.JPG, 31.974235, 9.852994, 1.000000
dcl234_CPB_#1_15dpi.JPG, 24.697874, 11.479207, 1.000000
dcl234_CPB_#1_17dpi.JPG, 23.259319, 16.440698, 1.000000
dcl234_CPB_#1_1dbi.JPG, 50.242517, 4.512561, 1.000000
dcl234_CPB_#1_1dpi.JPG, 51.124532, 5.223034, 1.000000
dcl234_CPB_#1_3dpi.JPG, 50.754629, 5.674665, 1.000000
dcl234_CPB_#1_5dpi.JPG, 49.473816, 5.862563, 1.000000
dcl234_CPB_#1_7dpi.JPG, 48.556795, 6.740760, 1.000000
dcl234_CPB_#1_9dpi.JPG, 42.617621, 9.458466, 1.000000
dcl234_CPB_#2_11dpi.JPG, 38.006719, 12.552609, 1.000000
dcl234_CPB_#2_13dpi.JPG, 32.769839, 14.547698, 1.000000
dcl234_CPB_#2_15dpi.JPG, 26.045711, 13.011628, 1.000000
dcl234_CPB_#2_17dpi.JPG, 23.808326, 16.140198, 1.000000
dcl234_CPB_#2_1dbi.JPG, 49.815593, 4.864280, 1.000000
dcl234_CPB_#2_1dpi.JPG, 50.429892, 5.063575, 1.000000
dcl234_CPB_#2_3dpi.JPG, 49.883364, 5.416608, 1.000000
dcl234_CPB_#2_5dpi.JPG, 49.424437, 5.553737, 1.000000
dcl234_CPB_#2_7dpi.JPG, 48.976031, 6.569480, 1.000000
dcl234_CPB_#2_9dpi.JPG, 43.693277, 10.360655, 1.000000
dcl234_CPB_#3_11dpi.JPG, 38.989590, 10.157644, 1.000000
dcl234_CPB_#3_13dpi.JPG, 32.978411, 9.444190, 1.000000
dcl234_CPB_#3_15dpi.JPG, 25.790245, 9.734144, 1.000000
dcl234_CPB_#3_17dpi.JPG, 23.455456, 16.062094, 1.000000
dcl234_CPB_#3_1dbi.JPG, 49.043027, 4.273118, 1.000000
dcl234_CPB_#3_1dpi.JPG, 50.054815, 4.861248, 1.000000
dcl234_CPB_#3_3dpi.JPG, 49.014761, 5.874380, 1.000000
dcl234_CPB_#3_5dpi.JPG, 49.306978, 5.584803, 1.000000
dcl234_CPB_#3_7dpi.JPG, 47.884080, 7.021071, 1.000000
dcl234_CPB_#3_9dpi.JPG, 43.786269, 8.936799, 1.000000
dcl234_CPB_#4_11dpi.JPG, 38.073214, 10.322914, 1.000000
dcl234_CPB_#4_13dpi.JPG, 32.079842, 9.681532, 1.000000
dcl234_CPB_#4_15dpi.JPG, 25.349167, 9.126995, 1.000000
dcl234_CPB_#4_17dpi.JPG, 22.520771, 12.324580, 1.000000
dcl234_CPB_#4_1dbi.JPG, 50.122523, 4.418889, 1.000000
dcl234_CPB_#4_1dpi.JPG, 50.506407, 5.001040, 1.000000
dcl234_CPB_#4_3dpi.JPG, 49.378276, 4.992294, 1.000000
dcl234_CPB_#4_5dpi.JPG, 49.477917, 5.331406, 1.000000
dcl234_CPB_#4_7dpi.JPG, 48.956383, 6.190685, 1.000000
dcl234_CPB_#4_9dpi.JPG, 44.249835, 9.756058, 1.000000
dcl234_M_#1_11dpi.JPG, 51.138218, 2.881380, 1.000000
dcl234_M_#1_13dpi.JPG, 50.528043, 2.582734, 1.000000
dcl234_M_#1_15dpi.JPG, 51.081332, 2.481116, 1.000000
dcl234_M_#1_17dpi.JPG, 51.879088, 2.667776, 1.000000
dcl234_M_#1_1dbi.JPG, 49.789539, 4.591402, 1.000000
dcl234_M_#1_1dpi.JPG, 50.962593, 4.356968, 1.000000
dcl234_M_#1_3dpi.JPG, 49.594106, 4.161187, 1.000000
dcl234_M_#1_5dpi.JPG, 50.191722, 3.890177, 1.000000
dcl234_M_#1_7dpi.JPG, 51.397578, 3.443740, 1.000000
dcl234_M_#1_9dpi.JPG, 51.039136, 3.328615, 1.000000
dcl234_M_#4_11dpi.JPG, 49.887302, 2.643674, 1.000000
dcl234_M_#4_13dpi.JPG, 49.487909, 2.378971, 1.000000
dcl234_M_#4_15dpi.JPG, 49.913405, 2.577689, 1.000000
dcl234_M_#4_17dpi.JPG, 50.250223, 2.957133, 1.000000
dcl234_M_#4_1dbi.JPG, 49.480589, 4.654614, 1.000000
dcl234_M_#4_1dpi.JPG, 49.781466, 4.991382, 1.000000
dcl234_M_#4_3dpi.JPG, 48.552102, 4.603152, 1.000000
dcl234_M_#4_5dpi.JPG, 49.539905, 4.319750, 1.000000
dcl234_M_#4_7dpi.JPG, 49.812752, 3.043905, 1.000000
dcl234_M_#4_9dpi.JPG, 49.082869, 3.041451, 1.000000
dcl234_M_#5_11dpi.JPG, 50.636127, 3.382763, 1.000000
dcl234_M_#5_13dpi.JPG, 50.329498, 3.465413, 1.000000
dcl234_M_#5_15dpi.JPG, 50.223156, 2.969188, 1.000000
dcl234_M_#5_17dpi.JPG, 50.215639, 3.412816, 1.000000
dcl234_M_#5_1dbi.JPG, 52.111287, 4.651878, 1.000000
dcl234_M_#5_1dpi.JPG, 52.117585, 4.282422, 1.000000
dcl234_M_#5_3dpi.JPG, 51.360041, 4.285591, 1.000000
dcl234_M_#5_5dpi.JPG, 50.994442, 4.279621, 1.000000
dcl234_M_#5_7dpi.JPG, 51.010348, 4.224090, 1.000000
dcl234_M_#5_9dpi.JPG, 50.805865, 3.959651, 1.000000
dcl234_M_#8_11dpi.JPG, 52.326191, 6.368322, 1.000000
dcl234_M_#8_13dpi.JPG, 52.409648, 5.274293, 1.000000
dcl234_M_#8_15dpi.JPG, 53.116433, 4.204246, 1.000000
dcl234_M_#8_17dpi.JPG, 52.192210, 4.475876, 1.000000
dcl234_M_#8_1dbi.JPG, 50.981746, 4.356484, 1.000000
dcl234_M_#8_1dpi.JPG, 51.271199, 5.376678, 1.000000
dcl234_M_#8_3dpi.JPG, 50.771065, 6.079062, 1.000000
dcl234_M_#8_5dpi.JPG, 51.061672, 7.804717, 1.000000
dcl234_M_#8_7dpi.JPG, 51.458466, 7.818196, 1.000000
dcl234_M_#8_9dpi.JPG, 52.343290, 6.722408, 1.000000
dcl234_wt_#1_11dpi.JPG, 37.139216, 10.742359, 1.000000
dcl234_wt_#1_13dpi.JPG, 31.933584, 10.440332, 1.000000
dcl234_wt_#1_15dpi.JPG, 25.026097, 10.161279, 1.000000
dcl234_wt_#1_17dpi.JPG, 21.925242, 12.592637, 1.000000
dcl234_wt_#1_1dbi.JPG, 49.400710, 3.899926, 1.000000
dcl234_wt_#1_1dpi.JPG, 50.411193, 3.891150, 1.000000
dcl234_wt_#1_3dpi.JPG, 48.979766, 4.998121, 1.000000
dcl234_wt_#1_5dpi.JPG, 48.362072, 5.541132, 1.000000
dcl234_wt_#1_7dpi.JPG, 47.571583, 7.190571, 1.000000
dcl234_wt_#1_9dpi.JPG, 42.554004, 9.740254, 1.000000
dcl234_wt_#2_11dpi.JPG, 39.425140, 10.308159, 1.000000
dcl234_wt_#2_13dpi.JPG, 33.875642, 10.367463, 1.000000
dcl234_wt_#2_15dpi.JPG, 26.651309, 9.665986, 1.000000
dcl234_wt_#2_17dpi.JPG, 23.715158, 10.936025, 1.000000
dcl234_wt_#2_1dbi.JPG, 50.156264, 3.682461, 1.000000
dcl234_wt_#2_1dpi.JPG, 50.935233, 4.207596, 1.000000
dcl234_wt_#2_3dpi.JPG, 49.603410, 4.022454, 1.000000
dcl234_wt_#2_5dpi.JPG, 49.350827, 3.972718, 1.000000
dcl234_wt_#2_7dpi.JPG, 49.168662, 5.131301, 1.000000
dcl234_wt_#2_9dpi.JPG, 44.958093, 8.880498, 1.000000
dcl234_wt_#3_11dpi.JPG, 37.280073, 10.185311, 1.000000
dcl234_wt_#3_13dpi.JPG, 32.726329, 9.647618, 1.000000
dcl234_wt_#3_15dpi.JPG, 26.937867, 9.383928, 1.000000
dcl234_wt_#3_17dpi.JPG, 24.290115, 10.143217, 1.000000
dcl234_wt_#3_1dbi.JPG, 49.579589, 3.901618, 1.000000
dcl234_wt_#3_1dpi.JPG, 50.781596, 4.325681, 1.000000
dcl234_wt_#3_3dpi.JPG, 49.403152, 4.649746, 1.000000
dcl234_wt_#3_5dpi.JPG, 48.633864, 5.486875, 1.000000
dcl234_wt_#3_7dpi.JPG, 47.815972, 6.602169, 1.000000
dcl234_wt_#3_9dpi.JPG, 42.418594, 9.202995, 1.000000
dcl234_wt_#4_11dpi.JPG, 37.942855, 10.614486, 1.000000
dcl234_wt_#4_13dpi.JPG, 32.254206, 9.532071, 1.000000
dcl234_wt_#4_15dpi.JPG, 26.297855, 8.936048, 1.000000
dcl234_wt_#4_17dpi.JPG, 23.359214, 11.077470, 1.000000
dcl234_wt_#4_1dbi.JPG, 50.245442, 4.033598, 1.000000
dcl234_wt_#4_1dpi.JPG, 50.750057, 4.149132, 1.000000
dcl234_wt_#4_3dpi.JPG, 49.959865, 4.441447, 1.000000
dcl234_wt_#4_5dpi.JPG, 49.353876, 5.431154, 1.000000
dcl234_wt_#4_7dpi.JPG, 48.113878, 7.084166, 1.000000
dcl234_wt_#4_9dpi.JPG, 42.912577, 9.600936, 1.000000
zip-1_CPB_#1_11dpi.JPG, 48.432579, 5.453472, 1.000000
zip-1_CPB_#1_13dpi.JPG, 44.646742, 7.210903, 1.000000
zip-1_CPB_#1_15dpi.JPG, 38.328009, 9.135348, 1.000000
zip-1_CPB_#1_17dpi.JPG, 36.527056, 10.666864, 1.000000
zip-1_CPB_#1_1dbi.JPG, 50.609532, 5.117718, 1.000000
zip-1_CPB_#1_1dpi.JPG, 50.899486, 5.380645, 1.000000
zip-1_CPB_#1_3dpi.JPG, 50.261300, 4.305080, 1.000000
zip-1_CPB_#1_5dpi.JPG, 50.220920, 4.378241, 1.000000
zip-1_CPB_#1_7dpi.JPG, 50.219156, 4.217496, 1.000000
zip-1_CPB_#1_9dpi.JPG, 49.400465, 4.892015, 1.000000
zip-1_CPB_#2_11dpi.JPG, 48.130364, 7.827776, 1.000000
zip-1_CPB_#2_13dpi.JPG, 47.487775, 8.134108, 1.000000
zip-1_CPB_#2_15dpi.JPG, 44.116094, 9.708106, 1.000000
zip-1_CPB_#2_17dpi.JPG, 43.521871, 10.793210, 1.000000
zip-1_CPB_#2_1dbi.JPG, 50.681855, 4.317139, 1.000000
zip-1_CPB_#2_1dpi.JPG, 51.190394, 4.434365, 1.000000
zip-1_CPB_#2_3dpi.JPG, 50.479225, 4.437828, 1.000000
zip-1_CPB_#2_5dpi.JPG, 50.329256, 4.536249, 1.000000
zip-1_CPB_#2_7dpi.JPG, 50.318955, 4.727586, 1.000000
zip-1_CPB_#2_9dpi.JPG, 49.073444, 5.919117, 1.000000
zip-1_CPB_#3_11dpi.JPG, 52.093856, 4.593680, 1.000000
zip-1_CPB_#3_13dpi.JPG, 50.761162, 4.609162, 1.000000
zip-1_CPB_#3_15dpi.JPG, 49.065668, 6.576088, 1.000000
zip-1_CPB_#3_17dpi.JPG, 47.810222, 8.386106, 1.000000
zip-1_CPB_#3_1dbi.JPG, 51.147779, 4.054195, 1.000000
zip-1_CPB_#3_1dpi.JPG, 51.175486, 4.086169, 1.000000
zip-1_CPB_#3_3dpi.JPG, 50.921130, 5.161278, 1.000000
zip-1_CPB_#3_5dpi.JPG, 50.942728, 4.240884, 1.000000
zip-1_CPB_#3_7dpi.JPG, 51.880354, 4.087823, 1.000000
zip-1_CPB_#3_9dpi.JPG, 51.833969, 4.287278, 1.000000
zip-1_CPB_#4_11dpi.JPG, 47.565647, 7.447019, 1.000000
zip-1_CPB_#4_13dpi.JPG, 46.488364, 8.178833, 1.000000
zip-1_CPB_#4_15dpi.JPG, 43.813941, 9.312392, 1.000000
zip-1_CPB_#4_17dpi.JPG, 41.291797, 11.468298, 1.000000
zip-1_CPB_#4_1dbi.JPG, 50.824869, 4.357749, 1.000000
zip-1_CPB_#4_1dpi.JPG, 51.182665, 4.730961, 1.000000
zip-1_CPB_#4_3dpi.JPG, 50.063258, 5.531714, 1.000000
zip-1_CPB_#4_5dpi.JPG, 49.352144, 5.512058, 1.000000
zip-1_CPB_#4_7dpi.JPG, 49.030635, 6.002624, 1.000000
zip-1_CPB_#4_9dpi.JPG, 48.286951, 6.314330, 1.000000
zip-1_M_#5_11dpi.JPG, 50.902550, 6.604606, 1.000000
zip-1_M_#5_13dpi.JPG, 51.095581, 6.556539, 1.000000
zip-1_M_#5_15dpi.JPG, 51.058868, 6.317296, 1.000000
zip-1_M_#5_17dpi.JPG, 51.300671, 6.157780, 1.000000
zip-1_M_#5_1dbi.JPG, 51.143777, 3.992610, 1.000000
zip-1_M_#5_1dpi.JPG, 50.823075, 5.624081, 1.000000
zip-1_M_#5_3dpi.JPG, 49.413708, 5.714817, 1.000000
zip-1_M_#5_5dpi.JPG, 48.537161, 6.764468, 1.000000
zip-1_M_#5_7dpi.JPG, 48.783343, 7.211557, 1.000000
zip-1_M_#5_9dpi.JPG, 50.642029, 7.089895, 1.000000
zip-1_M_#6_11dpi.JPG, 52.154121, 5.359495, 1.000000
zip-1_M_#6_13dpi.JPG, 52.613577, 4.563168, 1.000000
zip-1_M_#6_15dpi.JPG, 53.051273, 4.461897, 1.000000
zip-1_M_#6_17dpi.JPG, 52.399067, 4.873222, 1.000000
zip-1_M_#6_1dbi.JPG, 50.829540, 4.019015, 1.000000
zip-1_M_#6_1dpi.JPG, 50.924256, 4.758784, 1.000000
zip-1_M_#6_3dpi.JPG, 50.094925, 6.227354, 1.000000
zip-1_M_#6_5dpi.JPG, 50.285496, 6.981042, 1.000000
zip-1_M_#6_7dpi.JPG, 50.611482, 7.517510, 1.000000
zip-1_M_#6_9dpi.JPG, 51.649698, 6.558691, 1.000000
zip-1_M_#7_11dpi.JPG, 51.062760, 6.135971, 1.000000
zip-1_M_#7_13dpi.JPG, 50.689740, 5.701748, 1.000000
zip-1_M_#7_15dpi.JPG, 51.128753, 5.852383, 1.000000
zip-1_M_#7_17dpi.JPG, 50.989256, 5.715934, 1.000000
zip-1_M_#7_1dbi.JPG, 50.040305, 4.586581, 1.000000
zip-1_M_#7_1dpi.JPG, 49.006134, 5.634743, 1.000000
zip-1_M_#7_3dpi.JPG, 48.169810, 6.431762, 1.000000
zip-1_M_#7_5dpi.JPG, 48.609506, 6.445451, 1.000000
zip-1_M_#7_7dpi.JPG, 49.224911, 6.526853, 1.000000
zip-1_M_#7_9dpi.JPG, 49.903239, 6.854549, 1.000000
zip-1_M_#8_11dpi.JPG, 50.974445, 5.114921, 1.000000
zip-1_M_#8_13dpi.JPG, 50.832629, 5.047398, 1.000000
zip-1_M_#8_15dpi.JPG, 50.780866, 4.786793, 1.000000
zip-1_M_#8_17dpi.JPG, 50.700487, 4.654042, 1.000000
zip-1_M_#8_1dbi.JPG, 50.892322, 3.608140, 1.000000
zip-1_M_#8_1dpi.JPG, 51.027245, 4.659754, 1.000000
zip-1_M_#8_3dpi.JPG, 49.950441, 6.661902, 1.000000
zip-1_M_#8_5dpi.JPG, 49.210049, 6.623014, 1.000000
zip-1_M_#8_7dpi.JPG, 50.370436, 6.465495, 1.000000
zip-1_M_#8_9dpi.JPG, 51.037970, 5.424128, 1.000000
zip-1_wt_#1_11dpi.JPG, 45.644896, 7.027493, 1.000000
zip-1_wt_#1_13dpi.JPG, 43.427161, 8.204522, 1.000000
zip-1_wt_#1_15dpi.JPG, 38.205197, 10.834140, 1.000000
zip-1_wt_#1_17dpi.JPG, 37.004061, 11.563504, 1.000000
zip-1_wt_#1_1dbi.JPG, 50.259014, 3.854000, 1.000000
zip-1_wt_#1_1dpi.JPG, 51.157519, 4.484088, 1.000000
zip-1_wt_#1_3dpi.JPG, 50.518824, 4.492958, 1.000000
zip-1_wt_#1_5dpi.JPG, 50.135434, 4.746022, 1.000000
zip-1_wt_#1_7dpi.JPG, 49.965342, 5.388491, 1.000000
zip-1_wt_#1_9dpi.JPG, 48.366829, 6.015424, 1.000000
zip-1_wt_#2_11dpi.JPG, 46.740168, 8.275630, 1.000000
zip-1_wt_#2_13dpi.JPG, 44.789762, 9.396644, 1.000000
zip-1_wt_#2_15dpi.JPG, 41.525670, 10.691245, 1.000000
zip-1_wt_#2_17dpi.JPG, 39.448506, 13.395880, 1.000000
zip-1_wt_#2_1dbi.JPG, 51.236951, 4.199996, 1.000000
zip-1_wt_#2_1dpi.JPG, 51.449558, 5.142130, 1.000000
zip-1_wt_#2_3dpi.JPG, 50.735977, 4.846168, 1.000000
zip-1_wt_#2_5dpi.JPG, 50.104941, 5.266110, 1.000000
zip-1_wt_#2_7dpi.JPG, 49.566479, 5.937580, 1.000000
zip-1_wt_#2_9dpi.JPG, 48.768414, 7.076978, 1.000000
zip-1_wt_#3_11dpi.JPG, 44.361667, 8.718917, 1.000000
zip-1_wt_#3_13dpi.JPG, 42.879566, 9.417991, 1.000000
zip-1_wt_#3_15dpi.JPG, 38.729308, 12.155158, 1.000000
zip-1_wt_#3_17dpi.JPG, 36.522193, 12.399117, 1.000000
zip-1_wt_#3_1dbi.JPG, 50.063544, 4.166153, 1.000000
zip-1_wt_#3_1dpi.JPG, 50.314406, 4.323591, 1.000000
zip-1_wt_#3_3dpi.JPG, 49.454569, 5.118358, 1.000000
zip-1_wt_#3_5dpi.JPG, 49.274345, 5.426603, 1.000000
zip-1_wt_#3_7dpi.JPG, 49.124524, 6.380098, 1.000000
zip-1_wt_#3_9dpi.JPG, 46.359398, 7.502628, 1.000000
zip-1_wt_#4_11dpi.JPG, 44.613789, 8.935288, 1.000000
zip-1_wt_#4_13dpi.JPG, 42.650144, 10.348754, 1.000000
zip-1_wt_#4_15dpi.JPG, 38.527709, 12.737069, 1.000000
zip-1_wt_#4_17dpi.JPG, 36.079847, 13.729849, 1.000000
zip-1_wt_#4_1dbi.JPG, 49.783365, 4.437730, 1.000000
zip-1_wt_#4_1dpi.JPG, 50.477122, 4.423856, 1.000000
zip-1_wt_#4_3dpi.JPG, 49.608117, 5.545241, 1.000000
zip-1_wt_#4_5dpi.JPG, 49.508744, 4.778520, 1.000000
zip-1_wt_#4_7dpi.JPG, 49.312202, 5.787190, 1.000000
zip-1_wt_#4_9dpi.JPG, 46.741401, 7.085365, 1.000000
